448432
NsigError = 708.173
Nbkg = 27820.9
NbkgError = 284.302
mean = 3096.21
meanError = 0.0215126
sigma1 = 16.1782
sigma1Error = 0.287674
attenuation constant p0 = -0.000870397
p0Error = 0.000107286
