807736
NsigError = 990.628
Nbkg = 148923
NbkgError = 568.218
mean = 3096.45
meanError = 0.0157856
sigma1 = 10.7915
sigma1Error = 0.0945206
attenuation constant p0 = -0.00050369
p0Error = 4.12036e-05
