243732
NsigError = 519.165
Nbkg = 12006.2
NbkgError = 200.806
mean = 3096.01
meanError = 0.0304338
sigma1 = 18.3091
sigma1Error = 0.487165
attenuation constant p0 = -0.00119684
p0Error = 0.000169092
