321165
NsigError = 613.399
Nbkg = 21269.4
NbkgError = 276.309
mean = 3095.76
meanError = 0.0322663
sigma1 = 20.6335
sigma1Error = 0.358355
attenuation constant p0 = -0.000641591
p0Error = 0.00012537
