114665
NsigError = 361.722
Nbkg = 5746.04
NbkgError = 148.083
mean = 3096.87
meanError = 0.044373
sigma1 = 20.3315
sigma1Error = 0.724689
attenuation constant p0 = -0.00069151
p0Error = 0.00024696
