140983
NsigError = 446.306
Nbkg = 70358.7
NbkgError = 358.567
mean = 3097.64
meanError = 0.0348936
sigma1 = 14.6029
sigma1Error = 0.540623
attenuation constant p0 = 0.00107424
p0Error = 5.73883e-05
