81551.8
NsigError = 306.909
Nbkg = 6528.24
NbkgError = 138.438
mean = 3096.99
meanError = 0.049273
sigma1 = 18.8231
sigma1Error = 0.756487
attenuation constant p0 = -0.00056327
p0Error = 0.000214622
