141879
NsigError = 413.505
Nbkg = 22943
NbkgError = 228.158
mean = 3097.08
meanError = 0.0364209
sigma1 = 16.8913
sigma1Error = 0.513909
attenuation constant p0 = -0.000441201
p0Error = 0.000106012
