1198.06
NsigError = 39.494
Nbkg = 440.938
NbkgError = 28.3513
mean = 3686.62
meanError = 0.509191
sigma1 = 14.4637
sigma1Error = 0.440677
attenuation constant p0 = -0.00108706
p0Error = 0.000737585
