1177.04
NsigError = 39.8825
Nbkg = 338.957
NbkgError = 27.4623
mean = 3685.19
meanError = 0.611562
sigma1 = 16.8796
sigma1Error = 0.58504
attenuation constant p0 = -0.00150278
p0Error = 0.000863792
