4242.42
NsigError = 79.8199
Nbkg = 1874.58
NbkgError = 63.2798
mean = 3684.88
meanError = 0.364643
sigma1 = 18.253
sigma1Error = 0.35069
attenuation constant p0 = -0.00105113
p0Error = 0.000361692
