15310.6
NsigError = 196.018
Nbkg = 41927.5
NbkgError = 255.019
mean = 3685.92
meanError = 0.18266
sigma1 = 13.4285
sigma1Error = 0.185842
attenuation constant p0 = -0.000534934
p0Error = 7.18411e-05
