12859.2
NsigError = 149.189
Nbkg = 12425.8
NbkgError = 147.729
mean = 3684.99
meanError = 0.193707
sigma1 = 15.6963
sigma1Error = 0.184639
attenuation constant p0 = -0.00045714
p0Error = 0.000135068
