3236.75
NsigError = 77.6149
Nbkg = 1998.24
NbkgError = 69.1829
mean = 3684.96
meanError = 0.546245
sigma1 = 22.4814
sigma1Error = 0.529168
attenuation constant p0 = -0.00162779
p0Error = 0.00035636
