1551.02
NsigError = 63.7653
Nbkg = 4248.98
NbkgError = 82.2349
mean = 3685.11
meanError = 0.626546
sigma1 = 14.435
sigma1Error = 0.618666
attenuation constant p0 = 6.74157e-06
p0Error = 0.000226611
