2162.3
NsigError = 102.823
Nbkg = 16240.7
NbkgError = 156.944
mean = 3685.55
meanError = 0.670824
sigma1 = 13.665
sigma1Error = 0.705609
attenuation constant p0 = -0.000417302
p0Error = 0.000114757
