bias = -0.00515389
biasError = 0.00209462
sigma1 = 1.25
sigma1Error = 0
sigma2 = 1.24175
sigma2Error = 0.0401212
beta = 0
betaError = 0
tau1 = 0.397083
tau1Error = 0.0376468
tau2 = 1.77239
tau2Error = 0.207796
tau3 = 0.443315
tau3Error = 0.0333694
tau4 = 3.5
tau4Error = 0
f1 = 0.299226
f1Error = 0.0184385
f2 = 0.102357
f2Error = 0.0189641
f3 = 0.0820977
f3Error = 0.00700582
f4 = 0
f4Error = 0
 = 0.0150322
f4Error = 0.00372247
2
f4Error = 0.000554726
