bias = -0.0066182
biasError = 0.00166283
sigma1 = 1
sigma1Error = 0
sigma2 = 1.04536
sigma2Error = 0.0236339
beta = 0
betaError = 0
tau1 = 1.33828
tau1Error = 0.0882488
tau2 = 0.28548
tau2Error = 0.0213537
tau3 = 0.517093
tau3Error = 0.0382472
tau4 = 3.5
tau4Error = 0
f1 = 0.137322
f1Error = 0.014638
f2 = 0.319003
f2Error = 0.0144699
f3 = 0.042173
f3Error = 0.0034095
f4 = 0
f4Error = 0
0.00550422
f4Error = 0.0014826
28
00398387
f4Error = 0.000536701
406
