bias = -0.00604782
biasError = 0.000308015
sigma1 = 1.08264
sigma1Error = 0.0141493
sigma2 = 2.3218
sigma2Error = 0.0909653
beta = 0.748393
betaError = 0.0174201
tau1 = 1.01611
tau1Error = 0.0401971
tau2 = 0.185389
tau2Error = 0.00578949
tau3 = 0.199583
tau3Error = 0.0150775
tau4 = 0.83938
tau4Error = 0.11609
f1 = 0.0283503
f1Error = 0.00180832
f2 = 0.153232
f2Error = 0.00439889
f3 = 0.0313839
f3Error = 0.00292166
f4 = 0.00668146
f4Error = 0.00171034
