bias = -0.00158468
biasError = 0.00087101
sigma1 = 1.25
sigma1Error = 0
sigma2 = 1.24379
sigma2Error = 0.021302
beta = 0
betaError = 0
tau1 = 1.323
tau1Error = 0.0691994
tau2 = 0.163385
tau2Error = 0.00876666
tau3 = 0.128065
tau3Error = 0.00966973
tau4 = 0.556313
tau4Error = 0.0676288
f1 = 0.05153
f1Error = 0.00368088
f2 = 0.221377
f2Error = 0.00868621
f3 = 0.136902
f3Error = 0.00762569
f4 = 0.0392215
f4Error = 0.00927121
