bias = -0.00290168
biasError = 0.00177224
sigma1 = 1.25
sigma1Error = 0
sigma2 = 1.10331
sigma2Error = 0.0551608
beta = 0
betaError = 0
tau1 = 1.3428
tau1Error = 0.0637388
tau2 = 0.0864026
tau2Error = 0.0120402
tau3 = 0.068669
tau3Error = 0.011846
tau4 = 0.394269
tau4Error = 0.0449324
f1 = 0.15611
f1Error = 0.00832802
f2 = 0.222209
f2Error = 0.0236563
f3 = 0.142854
f3Error = 0.019671
f4 = 0.101756
f4Error = 0.0186513
