bias = -0.00285097
biasError = 0.00117132
sigma1 = 1.25
sigma1Error = 0
sigma2 = 1.18997
sigma2Error = 0.028439
beta = 0
betaError = 0
tau1 = 1.25983
tau1Error = 0.0626084
tau2 = 0.169044
tau2Error = 0.0105947
tau3 = 0.135655
tau3Error = 0.0124101
tau4 = 0.598416
tau4Error = 0.0884685
f1 = 0.0933285
f1Error = 0.00621045
f2 = 0.245021
f2Error = 0.0112086
f3 = 0.13108
f3Error = 0.00929488
f4 = 0.0377535
f4Error = 0.0105872
