bias = 7.4692e-05
biasError = 0.00135759
sigma1 = 1.25
sigma1Error = 0
sigma2 = 1.4407
sigma2Error = 0.0566459
beta = 0
betaError = 0
tau1 = 1.11616
tau1Error = 0.0399007
tau2 = 0.055
tau2Error = 0
tau3 = 0.263586
tau3Error = 0.0238771
tau4 = 3.5
tau4Error = 0
f1 = 0.38679
f1Error = 0.0113993
f2 = 0
f2Error = 0
f3 = 0.0909203
f3Error = 0.00944014
f4 = 0
f4Error = 0
 = 0
