bias = -0.00398227
biasError = 0.00380593
sigma1 = 1.25
sigma1Error = 0
sigma2 = 1.02362
sigma2Error = 0.0927876
beta = 0
betaError = 0
tau1 = 1.48225
tau1Error = 0.17027
tau2 = 0.055
tau2Error = 0
tau3 = 0.410814
tau3Error = 0.142438
tau4 = 3.5
tau4Error = 0
f1 = 0.452085
f1Error = 0.0385295
f2 = 0
f2Error = 0
f3 = 0.0578269
f3Error = 0.0204342
f4 = 0
f4Error = 0
 0
329426
f4 = 0.0364979
f4Error = 0.0760744
