bias = -0.0052328
biasError = 0.00138285
sigma1 = 1.25
sigma1Error = 0
sigma2 = 1.2463
sigma2Error = 0.0379493
beta = 0
betaError = 0
tau1 = 1.43658
tau1Error = 0.0763704
tau2 = 0.161132
tau2Error = 0.0176643
tau3 = 0.237311
tau3Error = 0.0127917
tau4 = 3.5
tau4Error = 0
f1 = 0.174079
f1Error = 0.0106179
f2 = 0.213522
f2Error = 0.0139229
f3 = 0.135336
f3Error = 0.00830052
f4 = 0
f4Error = 0
= 0.0966615
f4Error = 0.0186804
