bias = -0.00465706
biasError = 0.00359937
sigma1 = 1.25
sigma1Error = 0
sigma2 = 0.870232
sigma2Error = 0.0899584
beta = 0
betaError = 0
tau1 = 1.95456
tau1Error = 0.376616
tau2 = 0.055
tau2Error = 0
tau3 = 0.141478
tau3Error = 0.0713516
tau4 = 3.5
tau4Error = 0
f1 = 0.288563
f1Error = 0.0434783
f2 = 0
f2Error = 0
f3 = 0.0584611
f3Error = 0.0340035
f4 = 0
f4Error = 0
 = 0.0182046
f4 = 0.00945543
f4Error = 0.00822299
