bias = 0.00285678
biasError = 0.00203341
sigma1 = 1.25
sigma1Error = 0
sigma2 = 1.27328
sigma2Error = 0.0606662
beta = 0
betaError = 0
tau1 = 1.29895
tau1Error = 0.0819001
tau2 = 0.055
tau2Error = 0
tau3 = 0.241155
tau3Error = 0.0455854
tau4 = 3.5
tau4Error = 0
f1 = 0.350943
f1Error = 0.0183648
f2 = 0
f2Error = 0
f3 = 0.0564456
f3Error = 0.0119885
f4 = 0
f4Error = 0

