bias = -0.00355164
biasError = 0.00186112
sigma1 = 1.25
sigma1Error = 0
sigma2 = 1.34079
sigma2Error = 0.0405918
beta = 0
betaError = 0
tau1 = 0.278766
tau1Error = 0.0252919
tau2 = 1.59048
tau2Error = 0.11244
tau3 = 0.344315
tau3Error = 0.0210176
tau4 = 3.5
tau4Error = 0
f1 = 0.263409
f1Error = 0.0150169
f2 = 0.141017
f2Error = 0.0134936
f3 = 0.103419
f3Error = 0.00725701
f4 = 0
f4Error = 0
 = 0.040331
f4Error = 0.0141218
