bias = 0.00308195
biasError = 0.00158503
sigma1 = 1.25
sigma1Error = 0
sigma2 = 1.42663
sigma2Error = 0.048949
beta = 0
betaError = 0
tau1 = 1.1327
tau1Error = 0.0551306
tau2 = 0.055
tau2Error = 0
tau3 = 0.287039
tau3Error = 0.0320922
tau4 = 3.5
tau4Error = 0
f1 = 0.305616
f1Error = 0.0129351
f2 = 0
f2Error = 0
f3 = 0.079959
f3Error = 0.0098687
f4 = 0
f4Error = 0
 0

