bias = 0.00495321
biasError = 0.00191462
sigma1 = 1.25
sigma1Error = 0
sigma2 = 1.54279
sigma2Error = 0.054396
beta = 0
betaError = 0
tau1 = 0.970847
tau1Error = 0.0381456
tau2 = 0.055
tau2Error = 0
tau3 = 0.236254
tau3Error = 0.0214366
tau4 = 3.5
tau4Error = 0
f1 = 0.322103
f1Error = 0.0113304
f2 = 0
f2Error = 0
f3 = 0.101839
f3Error = 0.0116981
f4 = 0
f4Error = 0
00907771
f4 = 0
f4Error = 0
