bias = -0.00356639
biasError = 0.00145445
sigma1 = 1.25
sigma1Error = 0
sigma2 = 1.38258
sigma2Error = 0.0428262
beta = 0
betaError = 0
tau1 = 0.177757
tau1Error = 0.0198993
tau2 = 1.24071
tau2Error = 0.0829315
tau3 = 0.224911
tau3Error = 0.0151294
tau4 = 3.5
tau4Error = 0
f1 = 0.211337
f1Error = 0.0149824
f2 = 0.127734
f2Error = 0.0110537
f3 = 0.106119
f3Error = 0.00898997
f4 = 0
f4Error = 0
