bias = 0.00292866
biasError = 0.00155405
sigma1 = 1.25
sigma1Error = 0
sigma2 = 1.46986
sigma2Error = 0.0514718
beta = 0
betaError = 0
tau1 = 1.16296
tau1Error = 0.0397236
tau2 = 0.055
tau2Error = 0
tau3 = 0.214418
tau3Error = 0.0183962
tau4 = 3.5
tau4Error = 0
f1 = 0.387721
f1Error = 0.0109594
f2 = 0
f2Error = 0
f3 = 0.0974016
f3Error = 0.00992454
f4 = 0
f4Error = 0
0805412
f4 = 0
f4Error = 0
