bias = 0.00190564
biasError = 0.00139841
sigma1 = 1.25
sigma1Error = 0
sigma2 = 1.51642
sigma2Error = 0.0467273
beta = 0
betaError = 0
tau1 = 1.05517
tau1Error = 0.0456104
tau2 = 0.055
tau2Error = 0
tau3 = 0.202534
tau3Error = 0.0195366
tau4 = 3.5
tau4Error = 0
f1 = 0.277303
f1Error = 0.010822
f2 = 0
f2Error = 0
f3 = 0.0841354
f3Error = 0.00967468
f4 = 0
f4Error = 0
