bias = 0.00112872
biasError = 0.00133625
sigma1 = 1.25
sigma1Error = 0
sigma2 = 1.52787
sigma2Error = 0.0454703
beta = 0
betaError = 0
tau1 = 1.03993
tau1Error = 0.0360854
tau2 = 0.055
tau2Error = 0
tau3 = 0.267368
tau3Error = 0.0221714
tau4 = 3.5
tau4Error = 0
f1 = 0.330844
f1Error = 0.00991686
f2 = 0
f2Error = 0
f3 = 0.087452
f3Error = 0.00830356
f4 = 0
f4Error = 0
