bias = -0.00179191
biasError = 0.00132508
sigma1 = 1.25
sigma1Error = 0
sigma2 = 1.50679
sigma2Error = 0.0513963
beta = 0
betaError = 0
tau1 = 0.873776
tau1Error = 0.03131
tau2 = 0.055
tau2Error = 0
tau3 = 0.227168
tau3Error = 0.0186622
tau4 = 3.5
tau4Error = 0
f1 = 0.352474
f1Error = 0.0109356
f2 = 0
f2Error = 0
f3 = 0.0982518
f3Error = 0.00924453
f4 = 0
f4Error = 0
