bias = -0.00452682
biasError = 0.000346564
sigma1 = 1.11436
sigma1Error = 0.0169462
sigma2 = 2.83673
sigma2Error = 0.121593
beta = 0.719186
betaError = 0.0149199
tau1 = 0.214721
tau1Error = 0.0119385
tau2 = 1.28265
tau2Error = 0.0626099
tau3 = 0.205923
tau3Error = 0.0189588
tau4 = 0.883708
tau4Error = 0.140407
f1 = 0.12151
f1Error = 0.00526229
f2 = 0.0325543
f2Error = 0.00243536
f3 = 0.0567113
f3Error = 0.00474824
f4 = 0.01274
f4Error = 0.00405957
