bias = 0.00327921
biasError = 0.000612569
sigma1 = 1.12284
sigma1Error = 0.00980236
sigma2 = 3.05026
sigma2Error = 0.101884
beta = 0.814092
betaError = 0.00877621
tau1 = 0.780967
tau1Error = 0.0272553
tau2 = 0.165621
tau2Error = 0.00765661
tau3 = 0.389088
tau3Error = 0.0362164
tau4 = 3.24332
tau4Error = 0.685986
f1 = 0.0779242
f1Error = 0.00431563
f2 = 0.228614
f2Error = 0.00598586
f3 = 0.012133
f3Error = 0.00152185
f4 = 0.00203691
f4Error = 0.000495463
