bias = -0.00229968
biasError = 0.00137382
sigma1 = 1.25
sigma1Error = 0
sigma2 = 1.1505
sigma2Error = 0.0342958
beta = 0
betaError = 0
tau1 = 0.129474
tau1Error = 0.00989109
tau2 = 1.50744
tau2Error = 0.0937647
tau3 = 0.0808604
tau3Error = 0.0105638
tau4 = 0.439875
tau4Error = 0.0513196
f1 = 0.212181
f1Error = 0.0118705
f2 = 0.0577886
f2Error = 0.00435796
f3 = 0.172216
f3Error = 0.0207562
f4 = 0.0643136
f4Error = 0.0135054
