bias = 0.00048022
biasError = 0.00450401
sigma1 = 1
sigma1Error = 0
sigma2 = 1.18942
sigma2Error = 0.086879
beta = 0
betaError = 0
tau1 = 2.3698
tau1Error = 0.823972
tau2 = 0.699143
tau2Error = 0.262445
tau3 = 0.289575
tau3Error = 0.0439145
tau4 = 3.5
tau4Error = 0
f1 = 0.161118
f1Error = 0.0903545
f2 = 0.207621
f2Error = 0.0863984
f3 = 0.12184
f3Error = 0.0216329
f4 = 0
f4Error = 0
73
f4Error = 0.0410399
 = 0.0224175
97915
