bias = -0.00259451
biasError = 0.00632947
sigma1 = 1.25
sigma1Error = 0
sigma2 = 1.10483
sigma2Error = 0.134771
beta = 0
betaError = 0
tau1 = 1.36411
tau1Error = 0.141162
tau2 = 0.055
tau2Error = 0
tau3 = 0.20836
tau3Error = 0.0433009
tau4 = 3.5
tau4Error = 0
f1 = 0.452344
f1Error = 0.036134
f2 = 0
f2Error = 0
f3 = 0.161719
f3Error = 0.038087
f4 = 0
f4Error = 0
or = 0
24
f4 = 0
f4Error = 0
