bias = 0.0125495
biasError = 0.00428659
sigma1 = 1.25
sigma1Error = 0
sigma2 = 1.37505
sigma2Error = 0.0871964
beta = 0
betaError = 0
tau1 = 1.15928
tau1Error = 0.0833656
tau2 = 0.055
tau2Error = 0
tau3 = 0.403509
tau3Error = 0.0587669
tau4 = 3.5
tau4Error = 0
f1 = 0.350507
f1Error = 0.0219765
f2 = 0
f2Error = 0
f3 = 0.109793
f3Error = 0.0176049
f4 = 0
f4Error = 0
3Error = 0.0105933
f4 = 0.0304675
f4Error = 0.0134574
7345
