bias = -0.00288379
biasError = 0.00220316
sigma1 = 1.25
sigma1Error = 0
sigma2 = 1.38223
sigma2Error = 0.0647165
beta = 0
betaError = 0
tau1 = 1.08488
tau1Error = 0.045455
tau2 = 0.055
tau2Error = 0
tau3 = 0.420977
tau3Error = 0.046323
tau4 = 3.5
tau4Error = 0
f1 = 0.388855
f1Error = 0.0138564
f2 = 0
f2Error = 0
f3 = 0.0772745
f3Error = 0.00937704
f4 = 0
f4Error = 0

f3Error = 0.0126651
f4 = 0.054378
f4Error = 0.0123007

