bias = -0.00307223
biasError = 0.00116684
sigma1 = 1.25
sigma1Error = 0
sigma2 = 1.2792
sigma2Error = 0.0407198
beta = 0
betaError = 0
tau1 = 0.124678
tau1Error = 0.0155448
tau2 = 1.23355
tau2Error = 0.0613812
tau3 = 0.19808
tau3Error = 0.0122883
tau4 = 3.5
tau4Error = 0
f1 = 0.200116
f1Error = 0.0147343
f2 = 0.188872
f2Error = 0.0106759
f3 = 0.109584
f3Error = 0.00788459
f4 = 0
f4Error = 0
