bias = -0.00496487
biasError = 0.000891906
sigma1 = 1.25
sigma1Error = 0
sigma2 = 1.11871
sigma2Error = 0.0223508
beta = 0
betaError = 0
tau1 = 1.34947
tau1Error = 0.0522247
tau2 = 0.140556
tau2Error = 0.00790387
tau3 = 0.0862952
tau3Error = 0.00842962
tau4 = 0.435979
tau4Error = 0.0293713
f1 = 0.079846
f1Error = 0.00399785
f2 = 0.223975
f2Error = 0.00873528
f3 = 0.143796
f3Error = 0.0108954
f4 = 0.0919257
f4Error = 0.0110255


