bias = -0.00228278
biasError = 0.00223504
sigma1 = 1.25
sigma1Error = 0
sigma2 = 1.1162
sigma2Error = 0.0360403
beta = 0
betaError = 0
tau1 = 0.987282
tau1Error = 0.0446517
tau2 = 0.055
tau2Error = 0
tau3 = 0.679349
tau3Error = 0.083315
tau4 = 3.5
tau4Error = 0
f1 = 0.317083
f1Error = 0.0129311
f2 = 0
f2Error = 0
f3 = 0.0496735
f3Error = 0.00641907
f4 = 0
f4Error = 0
f3Error = 0.00826045
f4 = 0.0198809
f4Error = 0.00462525

249
