bias = 0.00058698
biasError = 0.000498651
sigma1 = 1.07255
sigma1Error = 0.0160245
sigma2 = 2.5569
sigma2Error = 0.0918987
beta = 0.707185
betaError = 0.0169605
tau1 = 0.941737
tau1Error = 0.0407039
tau2 = 0.190021
tau2Error = 0.00845596
tau3 = 0.296087
tau3Error = 0.0169315
tau4 = 3.43495
tau4Error = 1.39939
f1 = 0.0512789
f1Error = 0.00338811
f2 = 0.175065
f2Error = 0.00580695
f3 = 0.0315021
f3Error = 0.0027258
f4 = 0.00109126
f4Error = 0.000416988
