bias = -0.00161942
biasError = 0.00112291
sigma1 = 1.25
sigma1Error = 0
sigma2 = 1.15517
sigma2Error = 0.0332289
beta = 0
betaError = 0
tau1 = 1.43468
tau1Error = 0.0786082
tau2 = 0.112749
tau2Error = 0.0105102
tau3 = 0.0710888
tau3Error = 0.00883297
tau4 = 0.334447
tau4Error = 0.0330206
f1 = 0.0695181
f1Error = 0.00450592
f2 = 0.19277
f2Error = 0.0128686
f3 = 0.177785
f3Error = 0.0174997
f4 = 0.0999334
f4Error = 0.0183404
