807.542
NsigError = 32.0618
Nbkg = 279.394
NbkgError = 22.3938
mean = -0.920895
meanError = 0.635168
sigma = 7.40509
sigmaError = 1.03845
p0 =-0.00141561
p0Error =0.000921226
