5766.73
NsigError = 88.9178
Nbkg = 2838.47
NbkgError = 70.5618
mean = -1.31145
meanError = 0.23931
sigma = 7.44467
sigmaError = 0.412434
p0 =-0.00095272
p0Error =0.000285508
