16197.9
NsigError = 162.099
Nbkg = 14293.2
NbkgError = 156.114
mean = -1.35938
meanError = 0.159828
sigma = 6.42363
sigmaError = 0.336969
p0 =-0.00046929
p0Error =0.000125661
