26383.8
NsigError = 236.65
Nbkg = 50651.7
NbkgError = 283.235
mean = -1.29795
meanError = 0.135277
sigma = 5.68313
sigmaError = 0.311494
p0 =-0.00041336
p0Error =6.57224e-05
