21471
NsigError = 209.361
Nbkg = 27645.1
NbkgError = 223.577
mean = -1.775
meanError = 0.177942
sigma = 7.45877
sigmaError = 0.377439
p0 =-0.000494513
p0Error =9.05986e-05
