16424
NsigError = 220.023
Nbkg = 64488.8
NbkgError = 310.59
mean = -1.07055
meanError = 0.186085
sigma = 6.71619
sigmaError = 0.344757
p0 =-0.00043802
p0Error =5.77106e-05
