8443.77
NsigError = 108.49
Nbkg = 4036.2
NbkgError = 85.8151
mean = -0.547326
meanError = 0.214674
sigma = 8.22418
sigmaError = 0.355427
p0 =-0.00153684
p0Error =0.000241217
