6759.51
NsigError = 104.622
Nbkg = 3794.46
NbkgError = 89.3408
mean = -2.03955
meanError = 0.319256
sigma = 8.40687
sigmaError = 0.663586
p0 =-0.00123212
p0Error =0.00025309
