10773.2
NsigError = 163.451
Nbkg = 29721.7
NbkgError = 213.688
mean = -0.909236
meanError = 0.221519
sigma = 6.8642
sigmaError = 0.410714
p0 =-0.00048527
p0Error =8.53875e-05
