7932.85
NsigError = 108.205
Nbkg = 4098.16
NbkgError = 88.7396
mean = -1.58697
meanError = 0.244454
sigma = 6.4469
sigmaError = 0.560905
p0 =-0.00085964
p0Error =0.000240463
