7915.5
NsigError = 133.04
Nbkg = 16642.5
NbkgError = 162.508
mean = -0.963089
meanError = 0.252106
sigma = 6.87251
sigmaError = 0.497922
p0 =-0.000302078
p0Error =0.000114366
