5823.28
NsigError = 103.171
Nbkg = 3447.75
NbkgError = 90.937
mean = -1.78335
meanError = 0.412824
sigma = 9.98939
sigmaError = 0.823236
p0 =-0.00105924
p0Error =0.000272293
