2636.09
NsigError = 58.643
Nbkg = 1018.91
NbkgError = 42.6959
mean = 3686.21
meanError = 0.319907
sigma1 = 13.3751
sigma1Error = 0.28702
attenuation constant p0 = -0.00114146
p0Error = 0.000482164
