861.917
NsigError = 34.4037
Nbkg = 229.084
NbkgError = 23.5084
mean = 3684.56
meanError = 0.843627
sigma1 = 19.937
sigma1Error = 0.781598
attenuation constant p0 = -0.00116122
p0Error = 0.0010772
