2633.55
NsigError = 61.925
Nbkg = 1008.45
NbkgError = 47.0204
mean = 3684.82
meanError = 0.452561
sigma1 = 18.14
sigma1Error = 0.441513
attenuation constant p0 = -0.00114184
p0Error = 0.000496439
