11667.4
NsigError = 139.477
Nbkg = 7168.64
NbkgError = 122.291
mean = 3684.31
meanError = 0.233218
sigma1 = 18.6077
sigma1Error = 0.227381
attenuation constant p0 = -0.00074333
p0Error = 0.000182874
