14185.6
NsigError = 170.973
Nbkg = 15257.4
NbkgError = 174.076
mean = 3684.96
meanError = 0.232685
sigma1 = 18.6686
sigma1Error = 0.236552
attenuation constant p0 = -0.000900076
p0Error = 0.000123163
