19692
NsigError = 324.673
Nbkg = 150013
NbkgError = 485.487
mean = 3685.38
meanError = 0.24124
sigma1 = 14.4573
sigma1Error = 0.260279
attenuation constant p0 = -0.000318844
p0Error = 3.78231e-05
