5908.07
NsigError = 104.42
Nbkg = 4323.93
NbkgError = 96.5398
mean = 3683.75
meanError = 0.363219
sigma1 = 19.8164
sigma1Error = 0.360459
attenuation constant p0 = -0.00111917
p0Error = 0.000235576
