9948.6
NsigError = 128.564
Nbkg = 6897.4
NbkgError = 116.096
mean = 3685
meanError = 0.234974
sigma1 = 17.1849
sigma1Error = 0.23117
attenuation constant p0 = -0.00037436
p0Error = 0.000184407
