5746.84
NsigError = 103.352
Nbkg = 3524.15
NbkgError = 91.9768
mean = 3684.63
meanError = 0.409446
sigma1 = 22.4426
sigma1Error = 0.395595
attenuation constant p0 = -0.00114036
p0Error = 0.00026729
