bias = -0.00417978
biasError = 0.000476547
sigma1 = 2.73902
sigma1Error = 0.115125
sigma2 = 1.03262
sigma2Error = 0.0156717
beta = 0.26689
betaError = 0.0150129
tau1 = 1.40775
tau1Error = 0.027554
tau2 = 0.248991
tau2Error = 0.0278409
tau3 = 0.232209
tau3Error = 0.0240457
tau4 = 1.02814
tau4Error = 0.208933
f1 = 0.193463
f1Error = 0.00512984
f2 = 0.0777752
f2Error = 0.00587159
f3 = 0.0347756
f3Error = 0.00429695
f4 = 0.00630918
f4Error = 0.00243621
