bias = -0.00651757
biasError = 0.000633451
sigma1 = 1.25
sigma1Error = 0
sigma2 = 1.07314
sigma2Error = 0.0124121
beta = 0
betaError = 0
tau1 = 1.41648
tau1Error = 0.022403
tau2 = 0.150079
tau2Error = 0.0102991
tau3 = 0.149026
tau3Error = 0.00721611
tau4 = 1.06387
tau4Error = 0.155792
f1 = 0.241794
f1Error = 0.00424869
f2 = 0.133234
f2Error = 0.00576689
f3 = 0.0958007
f3Error = 0.00425313
f4 = 0.00988157
f4Error = 0.00218652
