bias = -0.00698973
biasError = 0.000346185
sigma1 = 0.973329
sigma1Error = 0.0121527
sigma2 = 2.29758
sigma2Error = 0.128659
beta = 0.80996
betaError = 0.0149363
tau1 = 1.49762
tau1Error = 0.0252502
tau2 = 0.24471
tau2Error = 0.0119742
tau3 = 0.264287
tau3Error = 0.0188498
tau4 = 2.43684
tau4Error = 0.909404
f1 = 0.145986
f1Error = 0.00316753
f2 = 0.118347
f2Error = 0.00426981
f3 = 0.0262373
f3Error = 0.0027821
f4 = 0.00109891
f4Error = 0.00045693
