bias = -0.00674967
biasError = 0.000329314
sigma1 = 3.21326
sigma1Error = 0.185086
sigma2 = 1.04236
sigma2Error = 0.0115933
beta = 0.177471
betaError = 0.00928932
tau1 = 1.49255
tau1Error = 0.0274276
tau2 = 0.302335
tau2Error = 0.0305086
tau3 = 0.315632
tau3Error = 0.0245587
tau4 = 2.48337
tau4Error = 0.80732
f1 = 0.220736
f1Error = 0.00577709
f2 = 0.0802499
f2Error = 0.005534
f3 = 0.0300287
f3Error = 0.00309194
f4 = 0.00219606
f4Error = 0.000843499
