bias = -0.00573632
biasError = 0.000696953
sigma1 = 1.25
sigma1Error = 0
sigma2 = 1.04588
sigma2Error = 0.0188888
beta = 0
betaError = 0
tau1 = 1.31411
tau1Error = 0.0223686
tau2 = 0.0959513
tau2Error = 0.0130023
tau3 = 0.0910832
tau3Error = 0.00813076
tau4 = 0.518576
tau4Error = 0.0668129
f1 = 0.305387
f1Error = 0.00543651
f2 = 0.11372
f2Error = 0.00845788
f3 = 0.089906
f3Error = 0.00618705
f4 = 0.0246518
f4Error = 0.00535855
