bias = -0.00417982
biasError = 0.000311043
sigma1 = 1.05647
sigma1Error = 0.00895756
sigma2 = 2.42304
sigma2Error = 0.0834337
beta = 0.806691
betaError = 0.0104469
tau1 = 1.32081
tau1Error = 0.0245207
tau2 = 0.201597
tau2Error = 0.00400498
tau3 = 0.25063
tau3Error = 0.0155171
tau4 = 2.01131
tau4Error = 0.312082
f1 = 0.0667399
f1Error = 0.00161545
f2 = 0.210835
f2Error = 0.00357316
f3 = 0.0212349
f3Error = 0.00198387
f4 = 0.00290957
f4Error = 0.000449064
