bias = -0.00372056
biasError = 0.00167139
sigma1 = 1.25
sigma1Error = 0
sigma2 = 1.13504
sigma2Error = 0.0401821
beta = 0
betaError = 0
tau1 = 1.49689
tau1Error = 0.0571
tau2 = 0.055
tau2Error = 0
tau3 = 0.343566
tau3Error = 0.0928157
tau4 = 3.5
tau4Error = 0
f1 = 0.559396
f1Error = 0.0144618
f2 = 0
f2Error = 0
f3 = 0.0141806
f3Error = 0.00406629
f4 = 0
f4Error = 0
