bias = -0.00814106
biasError = 0.000780665
sigma1 = 1.25
sigma1Error = 0
sigma2 = 1.03457
sigma2Error = 0.017467
beta = 0
betaError = 0
tau1 = 10
tau1Error = 9.26837
tau2 = 1.37453
tau2Error = 0.046749
tau3 = 3.76418
tau3Error = 1.72766
tau4 = 0.2
tau4Error = 0.0100548
f1 = 0.0108778
f1Error = 0.00375329
f2 = 0.304453
f2Error = 0.00710394
f3 = 0.00283236
f3Error = 0.000890765
f4 = 0.117704
f4Error = 0.0079929
