bias = -0.00349902
biasError = 0.00201207
sigma1 = 1.25
sigma1Error = 0
sigma2 = 1.30539
sigma2Error = 0.0526149
beta = 0
betaError = 0
tau1 = 1.3617
tau1Error = 0.0686066
tau2 = 0.055
tau2Error = 0
tau3 = 0.617489
tau3Error = 0.192161
tau4 = 3.5
tau4Error = 0
f1 = 0.424914
f1Error = 0.0167457
f2 = 0
f2Error = 0
f3 = 0.0139947
f3Error = 0.00461536
f4 = 0
f4Error = 0
