bias = -0.00534565
biasError = 0.00096609
sigma1 = 1.25
sigma1Error = 0
sigma2 = 0.974833
sigma2Error = 0.0130229
beta = 0
betaError = 0
tau1 = 1.50227
tau1Error = 0.068213
tau2 = 0.229944
tau2Error = 0.0150861
tau3 = 0.151353
tau3Error = 0.0109399
tau4 = 5.93281
tau4Error = 1.69631
f1 = 0.138102
f1Error = 0.00669283
f2 = 0.20353
f2Error = 0.00722133
f3 = 0.0656702
f3Error = 0.00575635
f4 = 0.0113269
f4Error = 0.00134836
