bias = -0.00587448
biasError = 0.00134512
sigma1 = 1.25
sigma1Error = 0
sigma2 = 0.922165
sigma2Error = 0.0175864
beta = 0
betaError = 0
tau1 = 1.59166
tau1Error = 0.0940736
tau2 = 0.272316
tau2Error = 0.0271482
tau3 = 0.142412
tau3Error = 0.0226774
tau4 = 2.66647
tau4Error = 1.11086
f1 = 0.139104
f1Error = 0.010009
f2 = 0.175119
f2Error = 0.00917394
f3 = 0.0624059
f3Error = 0.0107381
f4 = 0.00840368
f4Error = 0.00236965
1
