bias = -0.000104773
biasError = 0.00168354
sigma1 = 1.25
sigma1Error = 0
sigma2 = 1.44091
sigma2Error = 0.0499513
beta = 0
betaError = 0
tau1 = 1.08554
tau1Error = 0.0430212
tau2 = 0.055
tau2Error = 0
tau3 = 0.18798
tau3Error = 0.0222282
tau4 = 3.5
tau4Error = 0
f1 = 0.287275
f1Error = 0.0102819
f2 = 0
f2Error = 0
f3 = 0.0707247
f3Error = 0.0120449
f4 = 0
f4Error = 0
or = 0.0158667
f4 = 0.0197976
f4Error = 0.00780791
