bias = -0.00806775
biasError = 0.000745747
sigma1 = 1.25
sigma1Error = 0
sigma2 = 1.04177
sigma2Error = 0.0181506
beta = 0
betaError = 0
tau1 = 1.44589
tau1Error = 0.0284685
tau2 = 0.110201
tau2Error = 0.0225302
tau3 = 0.134107
tau3Error = 0.0111374
tau4 = 1.0252
tau4Error = 0.198368
f1 = 0.344625
f1Error = 0.00714813
f2 = 0.0912924
f2Error = 0.00805937
f3 = 0.0642321
f3Error = 0.00407112
f4 = 0.0110941
f4Error = 0.00302926
