bias = -0.00632457
biasError = 0.000481419
sigma1 = 1.18866
sigma1Error = 0.0117547
sigma2 = 3.16875
sigma2Error = 0.123715
beta = 0.818146
betaError = 0.0100292
tau1 = 1.34659
tau1Error = 0.0407451
tau2 = 0.206892
tau2Error = 0.00626852
tau3 = 0.295612
tau3Error = 0.0351134
tau4 = 1.31586
tau4Error = 0.283813
f1 = 0.0520202
f1Error = 0.00219668
f2 = 0.195881
f2Error = 0.00524928
f3 = 0.0141223
f3Error = 0.00236281
f4 = 0.00328582
f4Error = 0.00116612
