bias = -0.00238759
biasError = 0.000899234
sigma1 = 1.25
sigma1Error = 0
sigma2 = 1.24018
sigma2Error = 0.0243446
beta = 0
betaError = 0
tau1 = 1.35251
tau1Error = 0.031029
tau2 = 0.117012
tau2Error = 0.0288839
tau3 = 0.123353
tau3Error = 0.0126296
tau4 = 1.42717
tau4Error = 0.48807
f1 = 0.356357
f1Error = 0.00796423
f2 = 0.0617379
f2Error = 0.0100108
f3 = 0.0488028
f3Error = 0.00607067
f4 = 0.00439389
f4Error = 0.00166194
