bias = -0.00594354
biasError = 0.000952378
sigma1 = 1.25
sigma1Error = 0
sigma2 = 1.16483
sigma2Error = 0.0225369
beta = 0
betaError = 0
tau1 = 1.38305
tau1Error = 0.0293829
tau2 = 0.109636
tau2Error = 0.0186006
tau3 = 0.143894
tau3Error = 0.0260275
tau4 = 0.819872
tau4Error = 0.294818
f1 = 0.305271
f1Error = 0.00663594
f2 = 0.0887407
f2Error = 0.0107778
f3 = 0.0563348
f3Error = 0.00609469
f4 = 0.0091844
f4Error = 0.00617954
