bias = -0.00548172
biasError = 0.00040622
sigma1 = 1.0366
sigma1Error = 0.0234167
sigma2 = 2.39204
sigma2Error = 0.194233
beta = 0.756167
betaError = 0.0263308
tau1 = 1.43383
tau1Error = 0.0284732
tau2 = 0.165596
tau2Error = 0.0132181
tau3 = 0.164644
tau3Error = 0.0189136
tau4 = 0.655023
tau4Error = 0.0954332
f1 = 0.131122
f1Error = 0.00310496
f2 = 0.113148
f2Error = 0.00729685
f3 = 0.0577262
f3Error = 0.00682628
f4 = 0.0168332
f4Error = 0.00531028
