bias = -0.0068913
biasError = 0.000795866
sigma1 = 1
sigma1Error = 0
sigma2 = 0.990011
sigma2Error = 0.0132164
beta = 0
betaError = 0
tau1 = 0.219294
tau1Error = 0.0214489
tau2 = 1.53738
tau2Error = 0.0485758
tau3 = 0.160195
tau3Error = 0.0115821
tau4 = 2.73798
tau4Error = 0.626059
f1 = 0.132515
f1Error = 0.00670094
f2 = 0.19819
f2Error = 0.00719297
f3 = 0.0714108
f3Error = 0.0051459
f4 = 0.00968203
f4Error = 0.00170615
70577
