bias = -0.00272058
biasError = 0.00166278
sigma1 = 1.25
sigma1Error = 0
sigma2 = 1.12761
sigma2Error = 0.0485951
beta = 0
betaError = 0
tau1 = 1.35885
tau1Error = 0.0578398
tau2 = 0.055
tau2Error = 0
tau3 = 0.178902
tau3Error = 0.0414093
tau4 = 3.5
tau4Error = 0
f1 = 0.493813
f1Error = 0.0152945
f2 = 0
f2Error = 0
f3 = 0.0324791
f3Error = 0.00912081
f4 = 0
f4Error = 0
