bias = -0.00317761
biasError = 0.000723363
sigma1 = 1.25
sigma1Error = 0
sigma2 = 1.09443
sigma2Error = 0.017714
beta = 0
betaError = 0
tau1 = 1.48989
tau1Error = 0.0311562
tau2 = 0.176907
tau2Error = 0.0197698
tau3 = 0.0897835
tau3Error = 0.0111678
tau4 = 0.492484
tau4Error = 0.0672586
f1 = 0.266564
f1Error = 0.00632846
f2 = 0.108182
f2Error = 0.00652842
f3 = 0.0915115
f3Error = 0.00844163
f4 = 0.0282182
f4Error = 0.00693727
