bias = -0.00568629
biasError = 0.00136232
sigma1 = 1.25
sigma1Error = 0
sigma2 = 1.08025
sigma2Error = 0.0252341
beta = 0
betaError = 0
tau1 = 1.55251
tau1Error = 0.0706029
tau2 = 0.236897
tau2Error = 0.0567879
tau3 = 0.137631
tau3Error = 0.0151475
tau4 = 2.38301
tau4Error = 0.566029
f1 = 0.250711
f1Error = 0.0134617
f2 = 0.0874949
f2Error = 0.0118686
f3 = 0.080351
f3Error = 0.0102718
f4 = 0.0142151
f4Error = 0.00312564
