bias = -0.00563172
biasError = 0.00115791
sigma1 = 1.25
sigma1Error = 0
sigma2 = 1.00523
sigma2Error = 0.0200216
beta = 0
betaError = 0
tau1 = 1.56559
tau1Error = 0.054956
tau2 = 0.209504
tau2Error = 0.0786331
tau3 = 0.37117
tau3Error = 0.0358407
tau4 = 3.5
tau4Error = 0
f1 = 0.33055
f1Error = 0.0121829
f2 = 0.0437518
f2Error = 0.0115223
f3 = 0.0361958
f3Error = 0.00388455
f4 = 0
f4Error = 0
