bias = -0.00665156
biasError = 0.000307516
sigma1 = 1.04097
sigma1Error = 0.014501
sigma2 = 2.53839
sigma2Error = 0.14806
beta = 0.775404
betaError = 0.0151321
tau1 = 1.50184
tau1Error = 0.0248
tau2 = 0.23285
tau2Error = 0.0195596
tau3 = 0.177549
tau3Error = 0.0208639
tau4 = 0.666867
tau4Error = 0.0829598
f1 = 0.165248
f1Error = 0.00361847
f2 = 0.103091
f2Error = 0.00442519
f3 = 0.0490535
f3Error = 0.00499236
f4 = 0.0174082
f4Error = 0.00494219
