bias = -0.0068966
biasError = 0.000471245
sigma1 = 2.91473
sigma1Error = 0.134297
sigma2 = 1.06284
sigma2Error = 0.0105452
beta = 0.162707
betaError = 0.00978079
tau1 = 1.44249
tau1Error = 0.0323505
tau2 = 0.24487
tau2Error = 0.00813816
tau3 = 0.347946
tau3Error = 0.0307053
tau4 = 3.55511
tau4Error = 1.20289
f1 = 0.106085
f1Error = 0.00315803
f2 = 0.193965
f2Error = 0.00468136
f3 = 0.0170315
f3Error = 0.00217821
f4 = 0.00211671
f4Error = 0.000530271
