bias = -0.00645708
biasError = 0.000288393
sigma1 = 1.04653
sigma1Error = 0.0104769
sigma2 = 2.41591
sigma2Error = 0.0957402
beta = 0.797445
betaError = 0.0122383
tau1 = 1.44342
tau1Error = 0.0236385
tau2 = 0.209348
tau2Error = 0.00738729
tau3 = 0.244519
tau3Error = 0.0159605
tau4 = 1.62045
tau4Error = 0.279213
f1 = 0.095429
f1Error = 0.0019737
f2 = 0.125489
f2Error = 0.00373491
f3 = 0.0264555
f3Error = 0.00238913
f4 = 0.00275481
f4Error = 0.000657282
