bias = -0.00765765
biasError = 0.00136335
sigma1 = 1.25
sigma1Error = 0
sigma2 = 1.22906
sigma2Error = 0.0323424
beta = 0
betaError = 0
tau1 = 1.47309
tau1Error = 0.0512532
tau2 = 0.055
tau2Error = 0
tau3 = 1.16643
tau3Error = 0.190861
tau4 = 3.5
tau4Error = 0
f1 = 0.419009
f1Error = 0.0112437
f2 = 0
f2Error = 0
f3 = 0.0214948
f3Error = 0.00354092
f4 = 0
f4Error = 0
