bias = -0.00835865
biasError = 0.000890753
sigma1 = 1.25
sigma1Error = 0
sigma2 = 1.22099
sigma2Error = 0.0169569
beta = 0
betaError = 0
tau1 = 1.20583
tau1Error = 0.0599701
tau2 = 0.164984
tau2Error = 0.00607567
tau3 = 0.11515
tau3Error = 0.00857765
tau4 = 0.634755
tau4Error = 0.0826839
f1 = 0.0418004
f1Error = 0.00300759
f2 = 0.273641
f2Error = 0.00837254
f3 = 0.0927104
f3Error = 0.00726292
f4 = 0.0157609
f4Error = 0.0036985

f4Error = 0.00177299
