bias = -0.00501417
biasError = 0.000375929
sigma1 = 1.03209
sigma1Error = 0.0113145
sigma2 = 2.35738
sigma2Error = 0.136741
beta = 0.836504
betaError = 0.013846
tau1 = 1.3425
tau1Error = 0.0244841
tau2 = 0.211875
tau2Error = 0.0051952
tau3 = 0.258207
tau3Error = 0.0196303
tau4 = 2.88167
tau4Error = 0.438215
f1 = 0.0984918
f1Error = 0.00229261
f2 = 0.214914
f2Error = 0.00421535
f3 = 0.0228086
f3Error = 0.002701
f4 = 0.00384254
f4Error = 0.000485678
755
