bias = -0.00327838
biasError = 0.000639838
sigma1 = 1.1349
sigma1Error = 0.0148739
sigma2 = 2.83225
sigma2Error = 0.162659
beta = 0.822676
betaError = 0.0144175
tau1 = 1.19946
tau1Error = 0.056242
tau2 = 0.176642
tau2Error = 0.00790416
tau3 = 0.253732
tau3Error = 0.0474827
tau4 = 1.01787
tau4Error = 0.224146
f1 = 0.0399252
f1Error = 0.00274943
f2 = 0.190242
f2Error = 0.00785972
f3 = 0.0145833
f3Error = 0.00381045
f4 = 0.00711698
f4Error = 0.00268032
