bias = -0.00408366
biasError = 0.00113281
sigma1 = 1.25
sigma1Error = 0
sigma2 = 1.05926
sigma2Error = 0.0168794
beta = 0
betaError = 0
tau1 = 1.47614
tau1Error = 0.0491721
tau2 = 0.19251
tau2Error = 0.0195382
tau3 = 0.176062
tau3Error = 0.0137506
tau4 = 3.48082
tau4Error = 0.698736
f1 = 0.194071
f1Error = 0.00689652
f2 = 0.13817
f2Error = 0.00882465
f3 = 0.0741807
f3Error = 0.00641741
f4 = 0.0139752
f4Error = 0.0020135
