bias = -0.00952206
biasError = 0.00307636
sigma1 = 1
sigma1Error = 0
sigma2 = 1.07361
sigma2Error = 0.0610934
beta = 0
betaError = 0
tau1 = 1.4475
tau1Error = 0.0658925
tau2 = 0.0624375
tau2Error = 0.031648
tau3 = 0.118275
tau3Error = 0.0272356
tau4 = 1.02279
tau4Error = 0.380514
f1 = 0.351309
f1Error = 0.0142776
f2 = 0.0802525
f2Error = 0.0494128
f3 = 0.0656969
f3Error = 0.0177534
f4 = 0.0154874
f4Error = 0.00721854
