bias = -0.00634448
biasError = 0.00107386
sigma1 = 1.25
sigma1Error = 0
sigma2 = 0.942482
sigma2Error = 0.0155987
beta = 0
betaError = 0
tau1 = 1.5236
tau1Error = 0.0534176
tau2 = 0.208887
tau2Error = 0.044727
tau3 = 0.157418
tau3Error = 0.0145717
tau4 = 2.39806
tau4Error = 0.732457
f1 = 0.225563
f1Error = 0.00946618
f2 = 0.082964
f2Error = 0.00848736
f3 = 0.0596595
f3Error = 0.00653154
f4 = 0.00544639
f4Error = 0.00163473
