bias = -0.00615468
biasError = 0.00184954
sigma1 = 1.25
sigma1Error = 0
sigma2 = 0.979054
sigma2Error = 0.0332434
beta = 0
betaError = 0
tau1 = 1.28066
tau1Error = 0.0192644
tau2 = 0.0281109
tau2Error = 0.00595544
tau3 = 0.0523647
tau3Error = 0.0071842
tau4 = 0.257345
tau4Error = 0.0350082
f1 = 0.426283
f1Error = 0.00564809
f2 = 0.15053
f2Error = 0.0476882
f3 = 0.0903649
f3Error = 0.0111279
f4 = 0.0409261
f4Error = 0.00995064
