bias = 0.00429306
biasError = 0.000537316
sigma1 = 1.00117
sigma1Error = 0.0120564
sigma2 = 2.28216
sigma2Error = 0.0842187
beta = 0.766944
betaError = 0.0154342
tau1 = 1.42234
tau1Error = 0.0299229
tau2 = 0.254382
tau2Error = 0.00742878
tau3 = 0.330021
tau3Error = 0.0218359
tau4 = 5.05212
tau4Error = 1.09373
f1 = 0.110395
f1Error = 0.0031318
f2 = 0.224006
f2Error = 0.00445339
f3 = 0.0218074
f3Error = 0.00200867
f4 = 0.00423941
f4Error = 0.000514765
