bias = -0.00208298
biasError = 0.000447558
sigma1 = 1.00344
sigma1Error = 0.0128515
sigma2 = 2.39943
sigma2Error = 0.0997186
beta = 0.759574
betaError = 0.0147103
tau1 = 1.46939
tau1Error = 0.0253442
tau2 = 0.246966
tau2Error = 0.0116811
tau3 = 0.277905
tau3Error = 0.0153463
tau4 = 3.91304
tau4Error = 1.04991
f1 = 0.150379
f1Error = 0.00338923
f2 = 0.139384
f2Error = 0.0046406
f3 = 0.032191
f3Error = 0.00296432
f4 = 0.00249625
f4Error = 0.000443711
