bias = -0.0040959
biasError = 0.00163776
sigma1 = 1.25
sigma1Error = 0
sigma2 = 1.06306
sigma2Error = 0.0386712
beta = 0
betaError = 0
tau1 = 1.49685
tau1Error = 0.0543248
tau2 = 0.055
tau2Error = 0
tau3 = 0.18967
tau3Error = 0.0321273
tau4 = 3.5
tau4Error = 0
f1 = 0.432204
f1Error = 0.0119547
f2 = 0
f2Error = 0
f3 = 0.0430101
f3Error = 0.00958952
f4 = 0
f4Error = 0
