bias = -0.0066617
biasError = 0.000596837
sigma1 = 1.25
sigma1Error = 0
sigma2 = 1.01971
sigma2Error = 0.0122354
beta = 0
betaError = 0
tau1 = 1.3975
tau1Error = 0.0203736
tau2 = 0.115357
tau2Error = 0.010553
tau3 = 0.118703
tau3Error = 0.00966672
tau4 = 0.618997
tau4Error = 0.071704
f1 = 0.247872
f1Error = 0.00386673
f2 = 0.115668
f2Error = 0.00667831
f3 = 0.0737519
f3Error = 0.00430527
f4 = 0.0206214
f4Error = 0.00424704
