bias = 0.00489442
biasError = 0.0007221
sigma1 = 1
sigma1Error = 0
sigma2 = 1.10992
sigma2Error = 0.00977371
beta = 0
betaError = 0
tau1 = 1.28476
tau1Error = 0.03166
tau2 = 0.195018
tau2Error = 0.0049583
tau3 = 0.142524
tau3Error = 0.00592809
tau4 = 0.989825
tau4Error = 0.108884
f1 = 0.0723771
f1Error = 0.00252753
f2 = 0.273933
f2Error = 0.00563954
f3 = 0.0874094
f3Error = 0.00432081
f4 = 0.0085958
f4Error = 0.00143521
.00105211
f4Error = 0.00030972
