bias = -0.00313002
biasError = 0.00116815
sigma1 = 1.25
sigma1Error = 0
sigma2 = 0.999235
sigma2Error = 0.0363162
beta = 0
betaError = 0
tau1 = 1.30679
tau1Error = 0.0301594
tau2 = 0.0740818
tau2Error = 0.0147095
tau3 = 0.0571411
tau3Error = 0.00760045
tau4 = 0.354918
tau4Error = 0.0630952
f1 = 0.369958
f1Error = 0.00807567
f2 = 0.109015
f2Error = 0.0134719
f3 = 0.120335
f3Error = 0.0168078
f4 = 0.0291356
f4Error = 0.00845913
