240538
NsigError = 521.01
Nbkg = 10357.2
NbkgError = 203.179
mean = 3096.79
meanError = 0.0302654
sigma1 = 19.7978
sigma1Error = 0.479117
attenuation constant p0 = -0.000815678
p0Error = 0.000187838
