621544
NsigError = 841.239
Nbkg = 28556.2
NbkgError = 338.262
mean = 3095.75
meanError = 0.0228154
sigma1 = 20.6332
sigma1Error = 0.257631
attenuation constant p0 = -0.00108889
p0Error = 0.000113737
