bias = -0.00633442
biasError = 0.000483151
sigma1 = 1.12774
sigma1Error = 0.0125425
sigma2 = 2.87181
sigma2Error = 0.149699
beta = 0.828722
betaError = 0.0118818
tau1 = 1.31935
tau1Error = 0.0344945
tau2 = 0.209083
tau2Error = 0.00687713
tau3 = 0.270045
tau3Error = 0.025451
tau4 = 1.57003
tau4Error = 0.275191
f1 = 0.0735121
f1Error = 0.00266179
f2 = 0.201073
f2Error = 0.0053656
f3 = 0.0198573
f3Error = 0.00303743
f4 = 0.00407618
f4Error = 0.000921461

