bias = -0.00529036
biasError = 0.000343643
sigma1 = 1.04525
sigma1Error = 0.0177385
sigma2 = 2.29242
sigma2Error = 0.134741
beta = 0.75186
betaError = 0.0212566
tau1 = 1.44891
tau1Error = 0.0273587
tau2 = 0.180645
tau2Error = 0.0110876
tau3 = 0.182855
tau3Error = 0.0194838
tau4 = 0.78858
tau4Error = 0.109341
f1 = 0.106088
f1Error = 0.00242976
f2 = 0.106846
f2Error = 0.00566479
f3 = 0.043857
f3Error = 0.00492679
f4 = 0.0108306
f4Error = 0.00308212
