bias = -0.00294723
biasError = 0.00103854
sigma1 = 1.25
sigma1Error = 0
sigma2 = 1.02655
sigma2Error = 0.0386373
beta = 0
betaError = 0
tau1 = 1.27874
tau1Error = 0.0255294
tau2 = 0.0730874
tau2Error = 0.0215508
tau3 = 0.0563073
tau3Error = 0.00730537
tau4 = 0.323668
tau4Error = 0.046565
f1 = 0.367829
f1Error = 0.00765763
f2 = 0.104982
f2Error = 0.0144558
f3 = 0.117917
f3Error = 0.0133936
f4 = 0.0368999
f4Error = 0.00938389
