bias = -0.00579615
biasError = 0.000365884
sigma1 = 1.17361
sigma1Error = 0.00997211
sigma2 = 2.97568
sigma2Error = 0.0972903
beta = 0.806048
betaError = 0.00907242
tau1 = 1.33404
tau1Error = 0.0367684
tau2 = 0.20628
tau2Error = 0.00476964
tau3 = 0.308985
tau3Error = 0.0326853
tau4 = 1.53204
tau4Error = 0.426896
f1 = 0.0470069
f1Error = 0.00179823
f2 = 0.20063
f2Error = 0.00408545
f3 = 0.0158882
f3Error = 0.00183239
f4 = 0.00265586
f4Error = 0.00106714
