bias = -0.0051814
biasError = 0.0021881
sigma1 = 1.25
sigma1Error = 0
sigma2 = 1.07151
sigma2Error = 0.0545882
beta = 0
betaError = 0
tau1 = 1.48226
tau1Error = 0.0670115
tau2 = 0.055
tau2Error = 0
tau3 = 0.323601
tau3Error = 0.0807994
tau4 = 3.5
tau4Error = 0
f1 = 0.606689
f1Error = 0.0176966
f2 = 0
f2Error = 0
f3 = 0.0261203
f3Error = 0.00700268
f4 = 0
f4Error = 0

f3Error = 0.0383903
f4 = 0.0256877
f4Error = 0.00417098
