bias = -0.0075748
biasError = 0.00216184
sigma1 = 1.25
sigma1Error = 0
sigma2 = 1.16729
sigma2Error = 0.0478804
beta = 0
betaError = 0
tau1 = 1.46789
tau1Error = 0.0780935
tau2 = 0.055
tau2Error = 0
tau3 = 0.384669
tau3Error = 0.0719613
tau4 = 3.5
tau4Error = 0
f1 = 0.376117
f1Error = 0.0160874
f2 = 0
f2Error = 0
f3 = 0.0406357
f3Error = 0.00840095
f4 = 0
f4Error = 0
ror = 0.00672167
f4 = 0.00508835
f4Error = 0.00207917
61
