bias = -0.00404866
biasError = 0.000759542
sigma1 = 1.25
sigma1Error = 0
sigma2 = 1.09002
sigma2Error = 0.0154614
beta = 0
betaError = 0
tau1 = 0.134703
tau1Error = 0.00904909
tau2 = 1.40608
tau2Error = 0.0257282
tau3 = 0.114293
tau3Error = 0.00711633
tau4 = 0.568036
tau4Error = 0.0635606
f1 = 0.151424
f1Error = 0.00716897
f2 = 0.201456
f2Error = 0.00408709
f3 = 0.119178
f3Error = 0.00661995
f4 = 0.0242146
f4Error = 0.00493867
