bias = -0.0032516
biasError = 0.00316948
sigma1 = 1.25
sigma1Error = 0
sigma2 = 1.09386
sigma2Error = 0.0922794
beta = 0
betaError = 0
tau1 = 1.44331
tau1Error = 0.0805564
tau2 = 0.055
tau2Error = 0
tau3 = 0.0687739
tau3Error = 0.0311627
tau4 = 3.5
tau4Error = 0
f1 = 0.509659
f1Error = 0.0202481
f2 = 0
f2Error = 0
f3 = 0.0438227
f3Error = 0.0372688
f4 = 0
f4Error = 0
6
f4 = 0
f4Error = 0
4 = 0.0364815
f4Error = 0.00858471
88
