bias = -0.025613
biasError = 0.00608104
sigma1 = 4.30951
sigma1Error = 0.855245
sigma2 = 0.904776
sigma2Error = 0.0280608
beta = 0.091401
betaError = 0.0220268
tau1 = 1.61377
tau1Error = 0.0547455
tau2 = 0.02
tau2Error = 0.00530738
tau3 = 0.390898
tau3Error = 0.0989341
tau4 = 10
tau4Error = 9.69139
f1 = 0.37326
f1Error = 0.0107879
f2 = 0.608341
f2Error = 0.17695
f3 = 0.0174826
f3Error = 0.00822093
f4 = 0.000924726
f4Error = 0.000916948
