bias = -0.00207173
biasError = 0.00143923
sigma1 = 1.25
sigma1Error = 0
sigma2 = 1.07667
sigma2Error = 0.0314659
beta = 0
betaError = 0
tau1 = 1.38089
tau1Error = 0.0267084
tau2 = 0.0931346
tau2Error = 0.0119381
tau3 = 0.0562352
tau3Error = 0.0115731
tau4 = 0.296274
tau4Error = 0.0334655
f1 = 0.215851
f1Error = 0.00433059
f2 = 0.129977
f2Error = 0.00992883
f3 = 0.141239
f3Error = 0.0293864
f4 = 0.0652481
f4Error = 0.0148283
