bias = -0.00485529
biasError = 0.000365825
sigma1 = 1.04624
sigma1Error = 0.0103061
sigma2 = 2.43042
sigma2Error = 0.102932
beta = 0.816466
betaError = 0.0119345
tau1 = 1.32276
tau1Error = 0.0267281
tau2 = 0.195692
tau2Error = 0.00424197
tau3 = 0.233292
tau3Error = 0.0163088
tau4 = 1.5892
tau4Error = 0.248877
f1 = 0.0654826
f1Error = 0.00176075
f2 = 0.219652
f2Error = 0.00431974
f3 = 0.0222897
f3Error = 0.00251246
f4 = 0.0031788
f4Error = 0.000597937
