bias = -0.00266323
biasError = 0.00122338
sigma1 = 1.25
sigma1Error = 0
sigma2 = 1.1892
sigma2Error = 0.03276
beta = 0
betaError = 0
tau1 = 0.0919896
tau1Error = 0.0299586
tau2 = 1.40281
tau2Error = 0.0415512
tau3 = 0.158935
tau3Error = 0.0178512
tau4 = 3.5
tau4Error = 0
f1 = 0.0522687
f1Error = 0.015608
f2 = 0.375031
f2Error = 0.00982513
f3 = 0.0430372
f3Error = 0.00651739
f4 = 0
f4Error = 0
 = 0.00488373
f4Error = 0.00273597
