bias = -0.00561402
biasError = 0.00028204
sigma1 = 1.03087
sigma1Error = 0.0106629
sigma2 = 2.35598
sigma2Error = 0.0858855
beta = 0.771336
betaError = 0.0126796
tau1 = 1.41407
tau1Error = 0.0227173
tau2 = 0.194421
tau2Error = 0.00648146
tau3 = 0.205046
tau3Error = 0.0117834
tau4 = 1.06908
tau4Error = 0.102834
f1 = 0.0849724
f1Error = 0.00177476
f2 = 0.139717
f2Error = 0.00397329
f3 = 0.0387721
f3Error = 0.00296771
f4 = 0.00765837
f4Error = 0.00122273
