bias = 0.00481336
biasError = 0.000589463
sigma1 = 1.02157
sigma1Error = 0.0124606
sigma2 = 2.42018
sigma2Error = 0.0975449
beta = 0.779734
betaError = 0.0148878
tau1 = 1.41404
tau1Error = 0.0341363
tau2 = 0.251435
tau2Error = 0.00834479
tau3 = 0.342975
tau3Error = 0.0261673
tau4 = 3.87088
tau4Error = 0.866044
f1 = 0.100302
f1Error = 0.00336546
f2 = 0.221876
f2Error = 0.0048921
f3 = 0.0193773
f3Error = 0.00213468
f4 = 0.00347217
f4Error = 0.00055142
