bias = -0.00471316
biasError = 0.000813538
sigma1 = 1.25
sigma1Error = 0
sigma2 = 1.05283
sigma2Error = 0.0223614
beta = 0
betaError = 0
tau1 = 1.33574
tau1Error = 0.0277887
tau2 = 0.104678
tau2Error = 0.0158007
tau3 = 0.0847481
tau3Error = 0.00940451
tau4 = 0.486228
tau4Error = 0.0628383
f1 = 0.293678
f1Error = 0.00647952
f2 = 0.115354
f2Error = 0.00899224
f3 = 0.0957842
f3Error = 0.00834178
f4 = 0.0320734
f4Error = 0.00693914
