bias = -0.00609993
biasError = 0.000260874
sigma1 = 1.06072
sigma1Error = 0.0106084
sigma2 = 2.36674
sigma2Error = 0.0797838
beta = 0.765952
betaError = 0.0124832
tau1 = 1.42685
tau1Error = 0.0266881
tau2 = 0.195147
tau2Error = 0.00594302
tau3 = 0.215836
tau3Error = 0.0133231
tau4 = 1.06009
tau4Error = 0.133982
f1 = 0.0582673
f1Error = 0.00141595
f2 = 0.129906
f2Error = 0.0036828
f3 = 0.0291224
f3Error = 0.00247672
f4 = 0.00435446
f4Error = 0.000953009
