bias = -0.00908638
biasError = 0.00159993
sigma1 = 1.25
sigma1Error = 0
sigma2 = 1.26223
sigma2Error = 0.0311517
beta = 0
betaError = 0
tau1 = 0.344568
tau1Error = 0.167795
tau2 = 1.54463
tau2Error = 0.0787057
tau3 = 0.95031
tau3Error = 0.108183
tau4 = 3.5
tau4Error = 0
f1 = 0.0372755
f1Error = 0.0193112
f2 = 0.304772
f2Error = 0.0197852
f3 = 0.0340905
f3Error = 0.00409164
f4 = 0
f4Error = 0
= 0.0100621
f4Error = 0.00206451
