bias = -0.00143651
biasError = 0.000490039
sigma1 = 1.02709
sigma1Error = 0.0136814
sigma2 = 2.45389
sigma2Error = 0.0965295
beta = 0.745359
betaError = 0.0151895
tau1 = 1.42011
tau1Error = 0.0284123
tau2 = 0.224173
tau2Error = 0.0107286
tau3 = 0.26254
tau3Error = 0.0199054
tau4 = 1.22508
tau4Error = 0.232687
f1 = 0.112823
f1Error = 0.0030917
f2 = 0.147454
f2Error = 0.00529967
f3 = 0.0302717
f3Error = 0.00317749
f4 = 0.00424704
f4Error = 0.00139123
