bias = -0.00716666
biasError = 0.00103879
sigma1 = 1
sigma1Error = 0
sigma2 = 1.11386
sigma2Error = 0.0219223
beta = 0
betaError = 0
tau1 = 1.45492
tau1Error = 0.0384151
tau2 = 0.055
tau2Error = 0
tau3 = 0.662204
tau3Error = 0.0624981
tau4 = 3.5
tau4Error = 0
f1 = 0.372043
f1Error = 0.00788925
f2 = 0
f2Error = 0
f3 = 0.0358574
f3Error = 0.00354492
f4 = 0
f4Error = 0
08
f3 = 0.0119935
f3Error = 0.00528966
f4 = 0.00435003
f4Error = 0.00191111
673457
