bias = -0.00404697
biasError = 0.000975265
sigma1 = 1.25
sigma1Error = 0
sigma2 = 1.14649
sigma2Error = 0.0229356
beta = 0
betaError = 0
tau1 = 1.35911
tau1Error = 0.0343502
tau2 = 0.139167
tau2Error = 0.0162154
tau3 = 0.0916649
tau3Error = 0.00776475
tau4 = 0.459395
tau4Error = 0.0725781
f1 = 0.236795
f1Error = 0.00680359
f2 = 0.139786
f2Error = 0.00902777
f3 = 0.108419
f3Error = 0.00998088
f4 = 0.0217571
f4Error = 0.00596099
