bias = -0.00387572
biasError = 0.000482297
sigma1 = 1.04928
sigma1Error = 0.0194468
sigma2 = 2.66253
sigma2Error = 0.133125
beta = 0.716512
betaError = 0.018864
tau1 = 1.3713
tau1Error = 0.0293177
tau2 = 0.229331
tau2Error = 0.0210159
tau3 = 0.259693
tau3Error = 0.020902
tau4 = 1.50136
tau4Error = 0.568219
f1 = 0.158752
f1Error = 0.00455942
f2 = 0.0921061
f2Error = 0.00597769
f3 = 0.0350571
f3Error = 0.00391892
f4 = 0.00206707
f4Error = 0.00125114
