bias = -0.00643935
biasError = 0.000866242
sigma1 = 1.25
sigma1Error = 0
sigma2 = 1.0516
sigma2Error = 0.0170166
beta = 0
betaError = 0
tau1 = 1.44607
tau1Error = 0.0297589
tau2 = 0.142428
tau2Error = 0.0162852
tau3 = 0.139339
tau3Error = 0.0132041
tau4 = 0.690808
tau4Error = 0.134717
f1 = 0.256816
f1Error = 0.00575876
f2 = 0.11457
f2Error = 0.00798267
f3 = 0.0907333
f3Error = 0.00600044
f4 = 0.0163952
f4Error = 0.00606786
