bias = -0.00362753
biasError = 0.000871827
sigma1 = 1.25
sigma1Error = 0
sigma2 = 1.10215
sigma2Error = 0.0218883
beta = 0
betaError = 0
tau1 = 1.43175
tau1Error = 0.0334903
tau2 = 0.139593
tau2Error = 0.036947
tau3 = 0.107342
tau3Error = 0.0156786
tau4 = 0.541798
tau4Error = 0.0992426
f1 = 0.321333
f1Error = 0.0083695
f2 = 0.0765652
f2Error = 0.00789012
f3 = 0.0685738
f3Error = 0.00690002
f4 = 0.0227148
f4Error = 0.00754009
