bias = -0.00224772
biasError = 0.000827897
sigma1 = 1.25
sigma1Error = 0
sigma2 = 1.27476
sigma2Error = 0.0240135
beta = 0
betaError = 0
tau1 = 1.30148
tau1Error = 0.0312261
tau2 = 0.128639
tau2Error = 0.0193313
tau3 = 0.114318
tau3Error = 0.0123087
tau4 = 0.739019
tau4Error = 0.313039
f1 = 0.295596
f1Error = 0.00746918
f2 = 0.0973057
f2Error = 0.00905351
f3 = 0.0631628
f3Error = 0.00685569
f4 = 0.00413079
f4Error = 0.00292441
