bias = -0.00695128
biasError = 0.000484086
sigma1 = 2.85612
sigma1Error = 0.150335
sigma2 = 1.08397
sigma2Error = 0.012381
beta = 0.170539
betaError = 0.0117575
tau1 = 0.242004
tau1Error = 0.00791863
tau2 = 1.44819
tau2Error = 0.0354949
tau3 = 0.347936
tau3Error = 0.0367804
tau4 = 2.15106
tau4Error = 0.749598
f1 = 0.19897
f1Error = 0.00492315
f2 = 0.0900076
f2Error = 0.00304707
f3 = 0.0176735
f3Error = 0.00237964
f4 = 0.00181423
f4Error = 0.000830814
