bias = -0.00481838
biasError = 0.000730852
sigma1 = 1.25
sigma1Error = 0
sigma2 = 1.05916
sigma2Error = 0.0196576
beta = 0
betaError = 0
tau1 = 1.35277
tau1Error = 0.0249086
tau2 = 0.100078
tau2Error = 0.00836581
tau3 = 0.0701433
tau3Error = 0.00542253
tau4 = 0.405767
tau4Error = 0.0334889
f1 = 0.234312
f1Error = 0.00453542
f2 = 0.146587
f2Error = 0.00798103
f3 = 0.127564
f3Error = 0.00979416
f4 = 0.0467374
f4Error = 0.00621721
