bias = -0.000338078
biasError = 0.000401542
sigma1 = 1.04168
sigma1Error = 0.0111415
sigma2 = 2.46003
sigma2Error = 0.0778685
beta = 0.745151
betaError = 0.0123873
tau1 = 1.36711
tau1Error = 0.0252751
tau2 = 0.202416
tau2Error = 0.00777703
tau3 = 0.236209
tau3Error = 0.0147188
tau4 = 1.23731
tau4Error = 0.191647
f1 = 0.0851019
f1Error = 0.00213403
f2 = 0.144995
f2Error = 0.00483888
f3 = 0.0350314
f3Error = 0.00314138
f4 = 0.00417098
f4Error = 0.00106399
