bias = -0.00320303
biasError = 0.000908826
sigma1 = 1.25
sigma1Error = 0
sigma2 = 1.28323
sigma2Error = 0.0241399
beta = 0
betaError = 0
tau1 = 1.34523
tau1Error = 0.0381573
tau2 = 0.154924
tau2Error = 0.0546428
tau3 = 0.156863
tau3Error = 0.0190439
tau4 = 2.6634
tau4Error = 2.26477
f1 = 0.349148
f1Error = 0.010601
f2 = 0.0543159
f2Error = 0.00949914
f3 = 0.0388435
f3Error = 0.00497216
f4 = 0.00220869
f4Error = 0.00128577
39
