bias = 6.16197e-05
biasError = 0.00196904
sigma1 = 1.25
sigma1Error = 0
sigma2 = 1.5753
sigma2Error = 0.0529635
beta = 0
betaError = 0
tau1 = 1.02944
tau1Error = 0.0478937
tau2 = 0.055
tau2Error = 0
tau3 = 0.414258
tau3Error = 0.0471688
tau4 = 3.5
tau4Error = 0
f1 = 0.281142
f1Error = 0.0119752
f2 = 0
f2Error = 0
f3 = 0.062609
f3Error = 0.00794306
f4 = 0
f4Error = 0
5824
f4 = 0
f4Error = 0
