bias = 0.00104815
biasError = 0.00148214
sigma1 = 1.25
sigma1Error = 0
sigma2 = 1.54628
sigma2Error = 0.049392
beta = 0
betaError = 0
tau1 = 0.880929
tau1Error = 0.047539
tau2 = 0.055
tau2Error = 0
tau3 = 0.211205
tau3Error = 0.0170304
tau4 = 3.5
tau4Error = 0
f1 = 0.185511
f1Error = 0.009623
f2 = 0
f2Error = 0
f3 = 0.127709
f3Error = 0.0125343
f4 = 0
f4Error = 0
 0
f3Error = 0.0174255
f4 = 0.0527452
f4Error = 0.0165298
