bias = 0.00195695
biasError = 0.00182186
sigma1 = 1.25
sigma1Error = 0
sigma2 = 1.60124
sigma2Error = 0.0596292
beta = 0
betaError = 0
tau1 = 1.03304
tau1Error = 0.0494679
tau2 = 0.055
tau2Error = 0
tau3 = 0.247746
tau3Error = 0.0253802
tau4 = 3.5
tau4Error = 0
f1 = 0.306638
f1Error = 0.0129608
f2 = 0
f2Error = 0
f3 = 0.0978966
f3Error = 0.0114388
f4 = 0
f4Error = 0
