bias = -0.000615925
biasError = 0.00156271
sigma1 = 1.25
sigma1Error = 0
sigma2 = 1.58199
sigma2Error = 0.0440932
beta = 0
betaError = 0
tau1 = 0.871801
tau1Error = 0.0479949
tau2 = 0.055
tau2Error = 0
tau3 = 0.281533
tau3Error = 0.0252676
tau4 = 3.5
tau4Error = 0
f1 = 0.172604
f1Error = 0.00924111
f2 = 0
f2Error = 0
f3 = 0.0910653
f3Error = 0.00963485
f4 = 0
f4Error = 0
ror = 0.028218
f4 = 0.0568138
f4Error = 0.0155062
