bias = 0.00158598
biasError = 0.00144002
sigma1 = 1.25
sigma1Error = 0
sigma2 = 1.43375
sigma2Error = 0.0486556
beta = 0
betaError = 0
tau1 = 1.03559
tau1Error = 0.0402153
tau2 = 0.055
tau2Error = 0
tau3 = 0.216827
tau3Error = 0.0183165
tau4 = 3.5
tau4Error = 0
f1 = 0.334064
f1Error = 0.0112919
f2 = 0
f2Error = 0
f3 = 0.100025
f3Error = 0.00958557
f4 = 0
f4Error = 0

f4 = 0
f4Error = 0
