bias = -0.00534913
biasError = 0.000791686
sigma1 = 1.25
sigma1Error = 0
sigma2 = 1.16809
sigma2Error = 0.019948
beta = 0
betaError = 0
tau1 = 1.17745
tau1Error = 0.0510384
tau2 = 0.128256
tau2Error = 0.00671012
tau3 = 0.0924959
tau3Error = 0.00677849
tau4 = 0.488848
tau4Error = 0.0363889
f1 = 0.0616526
f1Error = 0.00362197
f2 = 0.213725
f2Error = 0.00845497
f3 = 0.149252
f3Error = 0.00947368
f4 = 0.0605288
f4Error = 0.00778311
