bias = 0.00308274
biasError = 0.00224119
sigma1 = 1.25
sigma1Error = 0
sigma2 = 1.45778
sigma2Error = 0.0588617
beta = 0
betaError = 0
tau1 = 0.875327
tau1Error = 0.0428757
tau2 = 0.055
tau2Error = 0
tau3 = 0.35061
tau3Error = 0.0393978
tau4 = 3.5
tau4Error = 0
f1 = 0.334615
f1Error = 0.0146732
f2 = 0
f2Error = 0
f3 = 0.0852204
f3Error = 0.0107713
f4 = 0
f4Error = 0

f4 = 0
f4Error = 0
