bias = -0.00399759
biasError = 0.00123545
sigma1 = 1.25
sigma1Error = 0
sigma2 = 1.30659
sigma2Error = 0.0380023
beta = 0
betaError = 0
tau1 = 0.196
tau1Error = 0.0203646
tau2 = 1.34758
tau2Error = 0.0923058
tau3 = 0.23539
tau3Error = 0.0135462
tau4 = 3.5
tau4Error = 0
f1 = 0.199838
f1Error = 0.0127895
f2 = 0.122862
f2Error = 0.0107172
f3 = 0.126967
f3Error = 0.00852611
f4 = 0
f4Error = 0
4 = 0.164712
f4Error = 0.0245658
