bias = 0.00458671
biasError = 0.00173198
sigma1 = 1.25
sigma1Error = 0
sigma2 = 1.39674
sigma2Error = 0.0526423
beta = 0
betaError = 0
tau1 = 1.07667
tau1Error = 0.0531967
tau2 = 0.055
tau2Error = 0
tau3 = 0.343456
tau3Error = 0.0466278
tau4 = 3.5
tau4Error = 0
f1 = 0.335101
f1Error = 0.0142563
f2 = 0
f2Error = 0
f3 = 0.0586715
f3Error = 0.00867842
f4 = 0
f4Error = 0
