bias = 0.00190234
biasError = 0.00083021
sigma1 = 1.25
sigma1Error = 0
sigma2 = 1.19128
sigma2Error = 0.0161715
beta = 0
betaError = 0
tau1 = 1.24175
tau1Error = 0.0564384
tau2 = 0.219785
tau2Error = 0.00805116
tau3 = 0.135863
tau3Error = 0.00937698
tau4 = 0.690144
tau4Error = 0.0895815
f1 = 0.0577351
f1Error = 0.00416615
f2 = 0.272746
f2Error = 0.00638032
f3 = 0.104349
f3Error = 0.00635066
f4 = 0.0176136
f4Error = 0.00436603
or = 0.000273385
