bias = -0.00572472
biasError = 0.00108553
sigma1 = 1.25
sigma1Error = 0
sigma2 = 1.13862
sigma2Error = 0.0245697
beta = 0
betaError = 0
tau1 = 1.1665
tau1Error = 0.0728264
tau2 = 0.131338
tau2Error = 0.00842674
tau3 = 0.103447
tau3Error = 0.00909842
tau4 = 0.670878
tau4Error = 0.0954843
f1 = 0.0528545
f1Error = 0.00436846
f2 = 0.206973
f2Error = 0.0114031
f3 = 0.139128
f3Error = 0.0124852
f4 = 0.0275908
f4Error = 0.00612654

2
