bias = -0.0054419
biasError = 0.000604967
sigma1 = 1.25
sigma1Error = 0
sigma2 = 1.11616
sigma2Error = 0.012353
beta = 0
betaError = 0
tau1 = 1.06693
tau1Error = 0.0415362
tau2 = 0.168512
tau2Error = 0.00654533
tau3 = 0.119712
tau3Error = 0.00875946
tau4 = 0.680026
tau4Error = 0.0862413
f1 = 0.0565259
f1Error = 0.00330325
f2 = 0.220752
f2Error = 0.00560354
f3 = 0.0900511
f3Error = 0.00565165
f4 = 0.0156619
f4Error = 0.00361205
f4Error = 0.00142602
