bias = 0.00160637
biasError = 0.00151478
sigma1 = 1.25
sigma1Error = 0
sigma2 = 1.54164
sigma2Error = 0.053037
beta = 0
betaError = 0
tau1 = 1.07395
tau1Error = 0.042006
tau2 = 0.055
tau2Error = 0
tau3 = 0.260019
tau3Error = 0.0240435
tau4 = 3.5
tau4Error = 0
f1 = 0.320171
f1Error = 0.0108512
f2 = 0
f2Error = 0
f3 = 0.0916245
f3Error = 0.00998031
f4 = 0
f4Error = 0
869385
f4 = 0
f4Error = 0
0627
f4Error = 0.00796566
