bias = 0.000784166
biasError = 0.000882203
sigma1 = 1.25
sigma1Error = 0
sigma2 = 1.17892
sigma2Error = 0.0161507
beta = 0
betaError = 0
tau1 = 0.181866
tau1Error = 0.00776172
tau2 = 1.03803
tau2Error = 0.0485666
tau3 = 0.149345
tau3Error = 0.00848829
tau4 = 1.05381
tau4Error = 0.228367
f1 = 0.256984
f1Error = 0.00759997
f2 = 0.0688025
f2Error = 0.00482525
f3 = 0.109782
f3Error = 0.00582798
f4 = 0.00886997
f4Error = 0.00277967
f4Error = 0.000366453
