bias = 0.00269883
biasError = 0.00232263
sigma1 = 1.25
sigma1Error = 0
sigma2 = 1.45853
sigma2Error = 0.0795695
beta = 0
betaError = 0
tau1 = 1.14833
tau1Error = 0.0790356
tau2 = 0.055
tau2Error = 0
tau3 = 0.201094
tau3Error = 0.0284737
tau4 = 3.5
tau4Error = 0
f1 = 0.296806
f1Error = 0.0179811
f2 = 0
f2Error = 0
f3 = 0.106593
f3Error = 0.0178788
f4 = 0
f4Error = 0

