bias = -0.00384367
biasError = 0.000442955
sigma1 = 1.05713
sigma1Error = 0.0152347
sigma2 = 2.35766
sigma2Error = 0.106121
beta = 0.757263
betaError = 0.0185351
tau1 = 0.888096
tau1Error = 0.0361791
tau2 = 0.174504
tau2Error = 0.00573041
tau3 = 0.243116
tau3Error = 0.0156594
tau4 = 2.3172
tau4Error = 0.358602
f1 = 0.0627499
f1Error = 0.00353993
f2 = 0.235465
f2Error = 0.00521853
f3 = 0.0275593
f3Error = 0.00267011
f4 = 0.00338582
f4Error = 0.000518554
