bias = -0.000276771
biasError = 0.00165158
sigma1 = 1.25
sigma1Error = 0
sigma2 = 1.26186
sigma2Error = 0.0403893
beta = 0
betaError = 0
tau1 = 1.15224
tau1Error = 0.0858208
tau2 = 0.177367
tau2Error = 0.0193364
tau3 = 0.135657
tau3Error = 0.0191751
tau4 = 0.576597
tau4Error = 0.140917
f1 = 0.085323
f1Error = 0.00917644
f2 = 0.211627
f2Error = 0.0151712
f3 = 0.144614
f3Error = 0.013367
f4 = 0.0350408
f4Error = 0.017623
5
