bias = 0.00113578
biasError = 0.00164182
sigma1 = 1.25
sigma1Error = 0
sigma2 = 1.52507
sigma2Error = 0.0516428
beta = 0
betaError = 0
tau1 = 0.873265
tau1Error = 0.0364202
tau2 = 0.055
tau2Error = 0
tau3 = 0.355563
tau3Error = 0.0314316
tau4 = 3.5
tau4Error = 0
f1 = 0.299308
f1Error = 0.011385
f2 = 0
f2Error = 0
f3 = 0.0889035
f3Error = 0.00864523
f4 = 0
f4Error = 0
43
f4 = 0
f4Error = 0
