bias = 0.0013914
biasError = 0.00192158
sigma1 = 1.25
sigma1Error = 0
sigma2 = 1.52625
sigma2Error = 0.0672447
beta = 0
betaError = 0
tau1 = 1.03571
tau1Error = 0.0581509
tau2 = 0.055
tau2Error = 0
tau3 = 0.297199
tau3Error = 0.0347098
tau4 = 3.5
tau4Error = 0
f1 = 0.284223
f1Error = 0.0141517
f2 = 0
f2Error = 0
f3 = 0.0973732
f3Error = 0.0129214
f4 = 0
f4Error = 0
= 0
