bias = -0.00335151
biasError = 0.000461173
sigma1 = 2.72928
sigma1Error = 0.124154
sigma2 = 1.0861
sigma2Error = 0.0112999
beta = 0.1832
betaError = 0.0112321
tau1 = 0.845185
tau1Error = 0.0252863
tau2 = 0.166271
tau2Error = 0.00570406
tau3 = 0.279108
tau3Error = 0.0218505
tau4 = 2.87075
tau4Error = 0.451478
f1 = 0.0820302
f1Error = 0.00356733
f2 = 0.236937
f2Error = 0.00525462
f3 = 0.0212252
f3Error = 0.00245509
f4 = 0.00296455
f4Error = 0.000509927

