bias = 0.000265739
biasError = 0.00212228
sigma1 = 1.25
sigma1Error = 0
sigma2 = 1.65499
sigma2Error = 0.0841987
beta = 0
betaError = 0
tau1 = 1.06883
tau1Error = 0.0659536
tau2 = 0.055
tau2Error = 0
tau3 = 0.286011
tau3Error = 0.0406897
tau4 = 3.5
tau4Error = 0
f1 = 0.299495
f1Error = 0.0163412
f2 = 0
f2Error = 0
f3 = 0.0823079
f3Error = 0.013362
f4 = 0
f4Error = 0
