bias = -0.00220938
biasError = 0.00142283
sigma1 = 1.25
sigma1Error = 0
sigma2 = 1.2333
sigma2Error = 0.0342086
beta = 0
betaError = 0
tau1 = 1.25559
tau1Error = 0.0721434
tau2 = 0.182467
tau2Error = 0.0167787
tau3 = 0.129819
tau3Error = 0.0177599
tau4 = 0.52768
tau4Error = 0.0866493
f1 = 0.0995819
f1Error = 0.00809536
f2 = 0.228285
f2Error = 0.0131736
f3 = 0.131957
f3Error = 0.0115229
f4 = 0.0516878
f4Error = 0.0177308
