bias = 0.00683349
biasError = 0.00196086
sigma1 = 1.25
sigma1Error = 0
sigma2 = 1.55799
sigma2Error = 0.0583383
beta = 0
betaError = 0
tau1 = 0.86008
tau1Error = 0.0370458
tau2 = 0.055
tau2Error = 0
tau3 = 0.289566
tau3Error = 0.0289459
tau4 = 3.5
tau4Error = 0
f1 = 0.305267
f1Error = 0.0122022
f2 = 0
f2Error = 0
f3 = 0.0868062
f3Error = 0.0105813
f4 = 0
f4Error = 0
