bias = -0.00621642
biasError = 0.000506566
sigma1 = 1.05097
sigma1Error = 0.0203555
sigma2 = 2.21278
sigma2Error = 0.111191
beta = 0.729982
betaError = 0.0267034
tau1 = 1.03029
tau1Error = 0.0500434
tau2 = 0.187761
tau2Error = 0.00880233
tau3 = 0.212652
tau3Error = 0.0245791
tau4 = 0.81495
tau4Error = 0.189003
f1 = 0.0421679
f1Error = 0.00327795
f2 = 0.173327
f2Error = 0.00648038
f3 = 0.0312066
f3Error = 0.00371144
f4 = 0.00694674
f4Error = 0.00320755
