bias = -0.000135335
biasError = 0.00114326
sigma1 = 1.25
sigma1Error = 0
sigma2 = 1.16331
sigma2Error = 0.0213083
beta = 0
betaError = 0
tau1 = 1.04695
tau1Error = 0.0752459
tau2 = 0.175733
tau2Error = 0.00807732
tau3 = 0.134705
tau3Error = 0.0111533
tau4 = 0.963685
tau4Error = 0.210456
f1 = 0.0481502
f1Error = 0.00500677
f2 = 0.254301
f2Error = 0.00989609
f3 = 0.117145
f3Error = 0.00958102
f4 = 0.0125185
f4Error = 0.00411533
