bias = -0.00784889
biasError = 0.000522445
sigma1 = 1.19702
sigma1Error = 0.0140188
sigma2 = 3.11965
sigma2Error = 0.139336
beta = 0.810115
betaError = 0.0121682
tau1 = 1.12305
tau1Error = 0.0572575
tau2 = 0.222271
tau2Error = 0.00897518
tau3 = 0.25567
tau3Error = 0.0343149
tau4 = 1.02703
tau4Error = 0.283139
f1 = 0.0408361
f1Error = 0.00347739
f2 = 0.195383
f2Error = 0.00589289
f3 = 0.0172525
f3Error = 0.00323913
f4 = 0.00440044
f4Error = 0.00207904
