bias = -0.00414356
biasError = 0.000395781
sigma1 = 1.04376
sigma1Error = 0.0168428
sigma2 = 2.3633
sigma2Error = 0.118214
beta = 0.735015
betaError = 0.0195022
tau1 = 1.08893
tau1Error = 0.0406342
tau2 = 0.199607
tau2Error = 0.00721942
tau3 = 0.205691
tau3Error = 0.0174864
tau4 = 0.938839
tau4Error = 0.159938
f1 = 0.0476355
f1Error = 0.00280694
f2 = 0.184786
f2Error = 0.00563767
f3 = 0.0480703
f3Error = 0.00437166
f4 = 0.00881116
f4Error = 0.00274872
