bias = -0.00448937
biasError = 0.0015647
sigma1 = 1.25
sigma1Error = 0
sigma2 = 1.3228
sigma2Error = 0.04589
beta = 0
betaError = 0
tau1 = 1.22145
tau1Error = 0.0664078
tau2 = 0.136996
tau2Error = 0.0148895
tau3 = 0.21301
tau3Error = 0.0120484
tau4 = 3.5
tau4Error = 0
f1 = 0.158382
f1Error = 0.00998714
f2 = 0.215954
f2Error = 0.0172624
f3 = 0.136361
f3Error = 0.00915362
f4 = 0
f4Error = 0
4 = 0.151514
f4Error = 0.0280938
