bias = -0.00492299
biasError = 0.000506992
sigma1 = 1.08444
sigma1Error = 0.0125824
sigma2 = 2.69107
sigma2Error = 0.124941
beta = 0.804944
betaError = 0.0130253
tau1 = 0.835566
tau1Error = 0.0428607
tau2 = 0.168654
tau2Error = 0.00712966
tau3 = 0.267122
tau3Error = 0.0227338
tau4 = 2.78641
tau4Error = 0.503459
f1 = 0.0610612
f1Error = 0.00433988
f2 = 0.227415
f2Error = 0.00589605
f3 = 0.0227795
f3Error = 0.00282949
f4 = 0.00292996
f4Error = 0.000586129
