bias = -0.000367353
biasError = 0.00188951
sigma1 = 1.25
sigma1Error = 0
sigma2 = 1.42223
sigma2Error = 0.0580705
beta = 0
betaError = 0
tau1 = 1.13993
tau1Error = 0.0654059
tau2 = 0.055
tau2Error = 0
tau3 = 0.215862
tau3Error = 0.0316107
tau4 = 3.5
tau4Error = 0
f1 = 0.311667
f1Error = 0.0155067
f2 = 0
f2Error = 0
f3 = 0.0727991
f3Error = 0.0125099
f4 = 0
f4Error = 0
