bias = 0.000624415
biasError = 0.00169306
sigma1 = 1.25
sigma1Error = 0
sigma2 = 1.5182
sigma2Error = 0.069238
beta = 0
betaError = 0
tau1 = 0.94492
tau1Error = 0.0497309
tau2 = 0.055
tau2Error = 0
tau3 = 0.276587
tau3Error = 0.0317651
tau4 = 3.5
tau4Error = 0
f1 = 0.304845
f1Error = 0.0144708
f2 = 0
f2Error = 0
f3 = 0.0827091
f3Error = 0.0104225
f4 = 0
f4Error = 0
0
