bias = 0.00342396
biasError = 0.00190343
sigma1 = 1.25
sigma1Error = 0
sigma2 = 1.30456
sigma2Error = 0.054815
beta = 0
betaError = 0
tau1 = 1.14765
tau1Error = 0.0705495
tau2 = 0.055
tau2Error = 0
tau3 = 0.253203
tau3Error = 0.0375214
tau4 = 3.5
tau4Error = 0
f1 = 0.319553
f1Error = 0.0168909
f2 = 0
f2Error = 0
f3 = 0.0740919
f3Error = 0.0119229
f4 = 0
f4Error = 0
