bias = -0.000981834
biasError = 0.000545969
sigma1 = 2.65129
sigma1Error = 0.452055
sigma2 = 0.946518
sigma2Error = 0.0219212
beta = 0.0770086
betaError = 0.0236116
tau = 1.37081
tauError = 0.0373848
Nprompt = 4670.56
NpromptError = 82.8612
Nfromb = 2032.29
NfrombError = 55.264
Ntail = 6.95922
NtailError = 5.09727
Nbkg = 3241.17
NbkgError = 79.189
