bias = -0.00736416
biasError = 0.00229301
sigma1 = 1.50067
sigma1Error = 0.139156
sigma2 = 0.678207
sigma2Error = 0.0946239
beta = 0.575057
betaError = 0.118766
tau = 1.84413
tauError = 0.0721032
Nprompt = 5431.97
NpromptError = 234.777
Nfromb = 1801.54
NfrombError = 80.9674
Ntail = 6.87347e-08
NtailError = 1.33121
Nbkg = 201847
NbkgError = 506.06
