bias = -0.00421644
biasError = 0.0015301
sigma1 = 2.17898
sigma1Error = 0.348354
sigma2 = 0.821408
sigma2Error = 0.0551251
beta = 0.266753
betaError = 0.07427
tau = 1.56991
tauError = 0.0719039
Nprompt = 2404.02
NpromptError = 98.7059
Nfromb = 815.325
NfrombError = 39.1178
Ntail = 7.19454e-05
NtailError = 1.41486
Nbkg = 21710.2
NbkgError = 171.934
