bias = -0.00246339
biasError = 0.00108317
sigma1 = 0.0633355
sigma1Error = 0.0418101
sigma2 = 1.02313
sigma2Error = 0.0394368
beta = 0.021172
betaError = 0.016283
tau = 1.19273
tauError = 0.0841745
Nprompt = 744.675
NpromptError = 33.817
Nfromb = 300.613
NfrombError = 21.2338
Ntail = 5.90553e-08
NtailError = 1.08839
Nbkg = 715.713
NbkgError = 35.9059
