bias = -0.000258023
biasError = 0.0017234
sigma1 = 0.967719
sigma1Error = 0.0408986
sigma2 = 4.50591
sigma2Error = 2.05527
beta = 0.977546
betaError = 0.0163804
tau = 1.50187
tauError = 0.110315
Nprompt = 491.982
NpromptError = 26.8046
Nfromb = 255.582
NfrombError = 18.5392
Ntail = 2.36113
NtailError = 2.30634
Nbkg = 302.076
NbkgError = 24.6804
