bias = 0.000836124
biasError = 0.000133172
sigma1 = 1.18673
sigma1Error = 0.0404397
sigma2 = 0.01
sigma2Error = 0.00515082
beta = 0.990549
betaError = 0.00452055
tau = 1.26668
tauError = 0.0621932
Nprompt = 1278.48
NpromptError = 45.6978
Nfromb = 674.304
NfrombError = 31.2515
Ntail = 3.04472
NtailError = 4.51465
Nbkg = 2076.22
NbkgError = 56.1052
