bias = -0.00459312
biasError = 0.000242117
sigma1 = 0.96441
sigma1Error = 0.0378351
sigma2 = 0.01
sigma2Error = 0.00354265
beta = 0.989233
betaError = 0.00408623
tau = 1.56476
tauError = 0.0692757
Nprompt = 4916.7
NpromptError = 181.245
Nfromb = 1566.63
NfrombError = 78.6387
Ntail = 37.0458
NtailError = 13.061
Nbkg = 103026
NbkgError = 368.587
