bias = -0.000218662
biasError = 0.0013184
sigma1 = 2.10515
sigma1Error = 0.519825
sigma2 = 0.942648
sigma2Error = 0.0526592
beta = 0.103865
betaError = 0.0719878
tau = 1.82397
tauError = 0.123076
Nprompt = 1130.36
NpromptError = 37.2615
Nfromb = 324.259
NfrombError = 21.9308
Ntail = 2.89676
NtailError = 2.72677
Nbkg = 461.476
NbkgError = 29.452
