bias = -0.00592723
biasError = 0.000563176
sigma1 = 1.66881
sigma1Error = 0.197057
sigma2 = 0.866419
sigma2Error = 0.028757
beta = 0.17104
betaError = 0.0614894
tau = 1.53318
tauError = 0.0803185
Nprompt = 15050.9
NpromptError = 149.843
Nfromb = 1336.77
NfrombError = 59.9989
Ntail = 289.016
NtailError = 26.4069
Nbkg = 21969.4
NbkgError = 176.374
