bias = -0.00300125
biasError = 0.00167076
sigma1 = 4.04688
sigma1Error = 0.622983
sigma2 = 0.901081
sigma2Error = 0.045637
beta = 0.154464
betaError = 0.0342992
tau = 1.36009
tauError = 0.0967142
Nprompt = 1117.68
NpromptError = 52.1092
Nfromb = 451.276
NfrombError = 28.8006
Ntail = 5.19828
NtailError = 5.50364
Nbkg = 4226.15
NbkgError = 76.4802
