bias = -3.54707e-05
biasError = 0.000440562
sigma1 = 1.71657
sigma1Error = 0.114666
sigma2 = 0.861078
sigma2Error = 0.0168281
beta = 0.181357
betaError = 0.0337882
tau = 1.45314
tauError = 0.0295858
Nprompt = 25531.5
NpromptError = 222.818
Nfromb = 5418.45
NfrombError = 108.91
Ntail = 108.125
NtailError = 18.9796
Nbkg = 60155.8
NbkgError = 298.759
