bias = -0.00172597
biasError = 0.00054806
sigma1 = 3.18897
sigma1Error = 0.385357
sigma2 = 0.944039
sigma2Error = 0.015972
beta = 0.0698967
betaError = 0.0132996
tau = 1.54213
tauError = 0.0437326
Nprompt = 6447.17
NpromptError = 95.4585
Nfromb = 1905.86
NfrombError = 55.9784
Ntail = 5.59289
NtailError = 4.32112
Nbkg = 4285.45
NbkgError = 87.8721
