bias = -0.0131807
biasError = 0.00131416
sigma1 = 1.55362
sigma1Error = 0.173591
sigma2 = 0.814381
sigma2Error = 0.0690799
beta = 0.46365
betaError = 0.131366
tau = 1.60993
tauError = 0.0456303
Nprompt = 9559.7
NpromptError = 233.014
Nfromb = 3031.11
NfrombError = 97.5792
Ntail = 8.27608
NtailError = 11.037
Nbkg = 184509
NbkgError = 484.416
