bias = -0.00157332
biasError = 0.00142447
sigma1 = 1.53878
sigma1Error = 0.372601
sigma2 = 0.852281
sigma2Error = 0.10821
beta = 0.258692
betaError = 0.219339
tau = 1.64659
tauError = 0.0875749
Nprompt = 724.884
NpromptError = 30.0516
Nfromb = 471.702
NfrombError = 24.8635
Ntail = 7.05515e-07
NtailError = 1.14086
Nbkg = 442.547
NbkgError = 27.0854
