bias = -0.00083403
biasError = 0.000644655
sigma1 = 1.76971
sigma1Error = 0.123331
sigma2 = 0.854434
sigma2Error = 0.0220316
beta = 0.212712
betaError = 0.0397958
tau = 1.55889
tauError = 0.0340838
Nprompt = 17951.5
NpromptError = 230.069
Nfromb = 4495.96
NfrombError = 103.263
Ntail = 51.7033
NtailError = 13.4585
Nbkg = 94514.7
NbkgError = 367.073
