bias = -0.00570725
biasError = 0.00074683
sigma1 = 1.91474
sigma1Error = 0.257412
sigma2 = 0.861114
sigma2Error = 0.0504174
beta = 0.274149
betaError = 0.0810544
tau = 1.46867
tauError = 0.0380218
Nprompt = 7751.65
NpromptError = 152.709
Nfromb = 2648.9
NfrombError = 69.5099
Ntail = 15.0034
NtailError = 7.69189
Nbkg = 46253.7
NbkgError = 251.34
