bias = -0.00648987
biasError = 0.000678745
sigma1 = 2.25025
sigma1Error = 0.34045
sigma2 = 0.915794
sigma2Error = 0.0209665
beta = 0.0833666
betaError = 0.0270598
tau = 1.72251
tauError = 0.0672823
Nprompt = 4666.4
NpromptError = 77.2574
Nfromb = 1099.99
NfrombError = 41.3693
Ntail = 41.4949
NtailError = 10.056
Nbkg = 2900.28
NbkgError = 67.6667
