bias = -0.00495872
biasError = 0.000690236
sigma1 = 1.02818
sigma1Error = 0.0197152
sigma2 = 6.18776
sigma2Error = 1.30673
beta = 0.965367
betaError = 0.010842
tau = 1.46291
tauError = 0.045904
Nprompt = 4318.83
NpromptError = 90.7597
Nfromb = 1632.47
NfrombError = 50.9618
Ntail = 4.02277
NtailError = 3.82553
Nbkg = 9150.71
NbkgError = 115.803
