bias = -0.000807094
biasError = 0.00052249
sigma1 = 2.26235
sigma1Error = 0.250873
sigma2 = 0.915864
sigma2Error = 0.0202178
beta = 0.139345
betaError = 0.0291063
tau = 1.52621
tauError = 0.0352995
Nprompt = 13031.5
NpromptError = 160.394
Nfromb = 3278.42
NfrombError = 78.7086
Ntail = 8.62465
NtailError = 6.34602
Nbkg = 25761.1
NbkgError = 200.886
