bias = -0.00486062
biasError = 0.000427005
sigma1 = 2.38077
sigma1Error = 0.668408
sigma2 = 0.947738
sigma2Error = 0.0371268
beta = 0.115009
betaError = 0.0558248
tau = 1.52277
tauError = 0.0269509
Nprompt = 17431.3
NpromptError = 207.822
Nfromb = 5477.94
NfrombError = 98.7902
Ntail = 21.8895
NtailError = 9.00245
Nbkg = 61974.9
NbkgError = 296.628
