bias = -0.00644674
biasError = 0.000385266
sigma1 = 4.26103
sigma1Error = 0.698657
sigma2 = 0.988564
sigma2Error = 0.008265
beta = 0.0235158
betaError = 0.00579876
tau = 1.55772
tauError = 0.0247558
Nprompt = 30551.7
NpromptError = 263.964
Nfromb = 7302.34
NfrombError = 122.082
Ntail = 28.3291
NtailError = 13.2671
Nbkg = 118203
NbkgError = 402.278
