bias = -0.00243872
biasError = 0.000881498
sigma1 = 1.35776
sigma1Error = 0.208812
sigma2 = 0.838487
sigma2Error = 0.076034
beta = 0.318484
betaError = 0.20063
tau = 1.65706
tauError = 0.0791494
Nprompt = 3425.67
NpromptError = 66.3242
Nfromb = 771.639
NfrombError = 35.2577
Ntail = 28.7837
NtailError = 8.14078
Nbkg = 1890.66
NbkgError = 56.9621
