bias = -0.00757289
biasError = 0.000529059
sigma1 = 1.14936
sigma1Error = 0.0499558
sigma2 = 0.714701
sigma2Error = 0.0874129
beta = 0.723019
betaError = 0.123869
tau = 1.59573
tauError = 0.0376764
Nprompt = 26523.9
NpromptError = 269.003
Nfromb = 5111.8
NfrombError = 122.945
Ntail = 170.297
NtailError = 26.1627
Nbkg = 182862
NbkgError = 488.312
