bias = -0.00231166
biasError = 0.000417461
sigma1 = 0.941258
sigma1Error = 0.0276588
sigma2 = 1.96668
sigma2Error = 0.306334
beta = 0.882068
betaError = 0.0473889
tau = 1.47583
tauError = 0.0306356
Nprompt = 6126.97
NpromptError = 89.4298
Nfromb = 3150.07
NfrombError = 66.3751
Ntail = 3.02763
NtailError = 3.22572
Nbkg = 4008.99
NbkgError = 82.5973
