bias = 0.00328753
biasError = 0.00099815
sigma1 = 1.39719
sigma1Error = 0.127108
sigma2 = 0.81058
sigma2Error = 0.0614731
beta = 0.425887
betaError = 0.132518
tau = 1.59775
tauError = 0.0446975
Nprompt = 15365.3
NpromptError = 259.674
Nfromb = 3708.09
NfrombError = 115.838
Ntail = 129.346
NtailError = 22.87
Nbkg = 161392
NbkgError = 472.232
