bias = -0.00404468
biasError = 0.00120174
sigma1 = 0.907804
sigma1Error = 0.0358413
sigma2 = 3
sigma2Error = 0.587436
beta = 0.953815
betaError = 0.0220739
tau = 1.54665
tauError = 0.0820904
Nprompt = 698.137
NpromptError = 29.5793
Nfromb = 469.799
NfrombError = 24.7949
Ntail = 4.52277
NtailError = 3.17073
Nbkg = 343.529
NbkgError = 25.3899
