bias = 0.000465094
biasError = 0.000678689
sigma1 = 3.14053
sigma1Error = 0.361565
sigma2 = 0.954004
sigma2Error = 0.0128032
beta = 0.0510014
betaError = 0.0100759
tau = 1.6206
tauError = 0.0732178
Nprompt = 9140.27
NpromptError = 112.846
Nfromb = 1273.64
NfrombError = 50.6245
Ntail = 155.965
NtailError = 19.308
Nbkg = 7324.46
NbkgError = 108.918
