bias = -0.00238621
biasError = 0.000555195
sigma1 = 1.16736
sigma1Error = 0.0223942
sigma2 = 0.0805158
sigma2Error = 0.038234
beta = 0.981741
betaError = 0.00818479
tau = 1.45496
tauError = 0.0360284
Nprompt = 3858.02
NpromptError = 75.8666
Nfromb = 2180.55
NfrombError = 54.8467
Ntail = 4.46122e-06
NtailError = 1.34233
Nbkg = 4759.36
NbkgError = 86.0689
