bias = -0.00960747
biasError = 0.000746731
sigma1 = 1.15246
sigma1Error = 0.0658969
sigma2 = 0.619849
sigma2Error = 0.0582294
beta = 0.53744
betaError = 0.105222
tau = 1.76695
tauError = 0.0994739
Nprompt = 8996.47
NpromptError = 112.972
Nfromb = 812.785
NfrombError = 43.4217
Ntail = 63.3061
NtailError = 13.5116
Nbkg = 12091.6
NbkgError = 129.647
