bias = -0.00337402
biasError = 0.000917593
sigma1 = 1.66189
sigma1Error = 0.244358
sigma2 = 0.883013
sigma2Error = 0.0981697
beta = 0.377752
betaError = 0.167355
tau = 1.45381
tauError = 0.0503391
Nprompt = 3515.99
NpromptError = 81.6684
Nfromb = 1319.09
NfrombError = 45.4023
Ntail = 7.03279e-07
NtailError = 1.50301
Nbkg = 9018.45
NbkgError = 112.129
