bias = -0.00487289
biasError = 0.00132856
sigma1 = 1.68199
sigma1Error = 0.360469
sigma2 = 0.90664
sigma2Error = 0.0638728
beta = 0.157364
betaError = 0.12304
tau = 1.51136
tauError = 0.0894223
Nprompt = 1275.13
NpromptError = 39.0197
Nfromb = 409.965
NfrombError = 24.3252
Ntail = 5.34267
NtailError = 3.27905
Nbkg = 589.617
NbkgError = 31.1745
