bias = -0.0115194
biasError = 0.000702888
sigma1 = 1.41984
sigma1Error = 0.101594
sigma2 = 0.854572
sigma2Error = 0.051113
beta = 0.41117
betaError = 0.112791
tau = 1.63745
tauError = 0.0457933
Nprompt = 16545.8
NpromptError = 206.538
Nfromb = 3161.34
NfrombError = 93.2615
Ntail = 68.9578
NtailError = 15.5341
Nbkg = 108764
NbkgError = 373.515
