bias = -0.00213733
biasError = 0.00121788
sigma1 = 4.2153
sigma1Error = 0.516337
sigma2 = 0.829726
sigma2Error = 0.035507
beta = 0.176
betaError = 0.0288076
tau = 1.34351
tauError = 0.0755591
Nprompt = 1392.91
NpromptError = 56.7461
Nfromb = 588.538
NfrombError = 31.8765
Ntail = 6.11475
NtailError = 5.24728
Nbkg = 3990.29
NbkgError = 76.0645
