bias = -0.00171697
biasError = 0.000573276
sigma1 = 2.23911
sigma1Error = 0.277331
sigma2 = 0.931518
sigma2Error = 0.0233881
beta = 0.115693
betaError = 0.0314472
tau = 1.43569
tauError = 0.0383529
Nprompt = 6380.08
NpromptError = 98.5509
Nfromb = 2074.84
NfrombError = 57.4392
Ntail = 6.00813e-06
NtailError = 2.40015
Nbkg = 6078.08
NbkgError = 102.031
