bias = 0.000920917
biasError = 0.000549044
sigma1 = 1.60199
sigma1Error = 0.100259
sigma2 = 0.839942
sigma2Error = 0.0242948
beta = 0.264471
betaError = 0.0502845
tau = 1.60612
tauError = 0.0415342
Nprompt = 27489.9
NpromptError = 255.774
Nfromb = 4476.94
NfrombError = 119.546
Ntail = 316.543
NtailError = 32.6217
Nbkg = 115429
NbkgError = 403.396
