bias = -0.00525326
biasError = 0.000340236
sigma1 = 1.71986
sigma1Error = 0.141272
sigma2 = 0.902117
sigma2Error = 0.0210402
beta = 0.178362
betaError = 0.0439158
tau = 1.5453
tauError = 0.0261177
Nprompt = 20478.8
NpromptError = 181.286
Nfromb = 5525.88
NfrombError = 94.1959
Ntail = 27.0458
NtailError = 9.47999
Nbkg = 33498.6
NbkgError = 219.84
