bias = -0.00167377
biasError = 0.000452005
sigma1 = 0.896397
sigma1Error = 0.0493087
sigma2 = 1.57746
sigma2Error = 0.108673
beta = 0.615837
betaError = 0.0932825
tau = 1.44195
tauError = 0.0266637
Nprompt = 7421.9
NpromptError = 101.018
Nfromb = 4061.79
NfrombError = 74.5047
Ntail = 4.09944
NtailError = 3.30295
Nbkg = 6708.69
NbkgError = 102.862
