bias = -0.00784964
biasError = 0.000761917
sigma1 = 1.94357
sigma1Error = 0.312302
sigma2 = 0.805398
sigma2Error = 0.0246374
beta = 0.11241
betaError = 0.0389581
tau = 1.60525
tauError = 0.0673999
Nprompt = 6305.93
NpromptError = 92.1981
Nfromb = 1043.29
NfrombError = 42.2649
Ntail = 35.8087
NtailError = 8.96862
Nbkg = 5375.12
NbkgError = 89.1858
