bias = -0.00872144
biasError = 0.000509727
sigma1 = 1.70979
sigma1Error = 0.155626
sigma2 = 0.90048
sigma2Error = 0.0240186
beta = 0.18023
betaError = 0.0502337
tau = 1.5617
tauError = 0.0308346
Nprompt = 18589.3
NpromptError = 192.762
Nfromb = 4561.51
NfrombError = 92.5446
Ntail = 23.5591
NtailError = 9.10124
Nbkg = 63006
NbkgError = 290.351
