bias = -0.00470084
biasError = 0.00100881
sigma1 = 1.77098
sigma1Error = 0.244074
sigma2 = 0.877144
sigma2Error = 0.0471232
beta = 0.19338
betaError = 0.0793485
tau = 1.65744
tauError = 0.0877655
Nprompt = 1527.9
NpromptError = 42.8022
Nfromb = 517.175
NfrombError = 27.0662
Ntail = 4.90352
NtailError = 3.81725
Nbkg = 620.04
NbkgError = 32.7937
