bias = -0.00406685
biasError = 0.00100818
sigma1 = 3.39327
sigma1Error = 0.611934
sigma2 = 0.964646
sigma2Error = 0.0409947
beta = 0.122639
betaError = 0.0346216
tau = 1.41477
tauError = 0.0707756
Nprompt = 1287.84
NpromptError = 45.4453
Nfromb = 572.798
NfrombError = 29.8366
Ntail = 1.91737e-05
NtailError = 3.41105
Nbkg = 1612.28
NbkgError = 50.482
