bias = -0.00259794
biasError = 0.00699765
sigma1 = 4.79199
sigma1Error = 5.82433
sigma2 = 1.75256
sigma2Error = 0.12931
beta = 4.74419e-09
betaError = 0.0245704
tau = 1.62539
tauError = 0.149844
Nprompt = 1338.34
NpromptError = 141.328
Nfromb = 376.132
NfrombError = 41.6906
Ntail = 7.00743
NtailError = 7.24467
Nbkg = 59694.5
NbkgError = 282.444
