bias = -0.00910751
biasError = 0.000756081
sigma1 = 1.34456
sigma1Error = 0.0752104
sigma2 = 0.705504
sigma2Error = 0.0684851
beta = 0.59415
betaError = 0.0981297
tau = 1.56988
tauError = 0.0334376
Nprompt = 13206.2
NpromptError = 210.534
Nfromb = 4082.21
NfrombError = 92.9628
Ntail = 4.17707
NtailError = 5.63109
Nbkg = 120264
NbkgError = 393.82
