bias = -0.0060807
biasError = 0.000554099
sigma1 = 1.0376
sigma1Error = 0.0280852
sigma2 = 0.499024
sigma2Error = 0.104271
beta = 0.856413
betaError = 0.0639569
tau = 1.64058
tauError = 0.0565587
Nprompt = 10633.6
NpromptError = 120.532
Nfromb = 1684.42
NfrombError = 55.0332
Ntail = 59.3476
NtailError = 13.1241
Nbkg = 11571.8
NbkgError = 129.182
