bias = -0.00753739
biasError = 0.0019774
sigma1 = 4.28818
sigma1Error = 1.54255
sigma2 = 0.933917
sigma2Error = 0.0576456
beta = 0.111085
betaError = 0.0434418
tau = 1.84278
tauError = 0.106713
Nprompt = 1623.57
NpromptError = 81.2819
Nfromb = 543.81
NfrombError = 31.9866
Ntail = 5.98129
NtailError = 4.47559
Nbkg = 16229.7
NbkgError = 146.186
