bias = -0.00625992
biasError = 0.000588007
sigma1 = 1.2629
sigma1Error = 0.0566987
sigma2 = 0.724571
sigma2Error = 0.0488684
beta = 0.580284
betaError = 0.0855199
tau = 1.55374
tauError = 0.0267955
Nprompt = 21753.5
NpromptError = 282.963
Nfromb = 6459.58
NfrombError = 119.752
Ntail = 27.9965
NtailError = 10.9318
Nbkg = 209497
NbkgError = 524.311
