bias = -0.00559096
biasError = 0.00103816
sigma1 = 2.08556
sigma1Error = 0.29039
sigma2 = 0.917636
sigma2Error = 0.0498691
beta = 0.233336
betaError = 0.0718657
tau = 1.54334
tauError = 0.0460636
Nprompt = 5175.59
NpromptError = 124.669
Nfromb = 1895.38
NfrombError = 57.5079
Ntail = 8.15768
NtailError = 5.29258
Nbkg = 33090.3
NbkgError = 210.346
