bias = -0.00413331
biasError = 0.000575164
sigma1 = 1.02103
sigma1Error = 0.0296549
sigma2 = 2.15412
sigma2Error = 0.547434
beta = 0.923848
betaError = 0.049426
tau = 1.41248
tauError = 0.0332079
Nprompt = 7217.29
NpromptError = 109.027
Nfromb = 2787.13
NfrombError = 64.7948
Ntail = 6.36505
NtailError = 4.52599
Nbkg = 11705.8
NbkgError = 130.898
