bias = -0.00394135
biasError = 0.000411128
sigma1 = 1.89413
sigma1Error = 0.246427
sigma2 = 0.96169
sigma2Error = 0.0227932
beta = 0.109142
betaError = 0.0419497
tau = 1.43114
tauError = 0.0315402
Nprompt = 9374.6
NpromptError = 112.138
Nfromb = 3104.69
NfrombError = 67.4146
Ntail = 22.923
NtailError = 7.92635
Nbkg = 7388.19
NbkgError = 107.657
