bias = -0.00128247
biasError = 0.000492005
sigma1 = 0.971693
sigma1Error = 0.0478109
sigma2 = 1.99328
sigma2Error = 0.366886
beta = 0.825049
betaError = 0.0823839
tau = 1.43536
tauError = 0.0285851
Nprompt = 6165.9
NpromptError = 91.3579
Nfromb = 3530.97
NfrombError = 70.0867
Ntail = 10.0433
NtailError = 5.12906
Nbkg = 4098.03
NbkgError = 83.328
