bias = -0.00627779
biasError = 0.000476598
sigma1 = 1.49088
sigma1Error = 0.152453
sigma2 = 0.894464
sigma2Error = 0.0319928
beta = 0.209182
betaError = 0.0847154
tau = 1.52732
tauError = 0.0299592
Nprompt = 12903.4
NpromptError = 142.127
Nfromb = 3985.37
NfrombError = 78.3147
Ntail = 16.9735
NtailError = 7.26587
Nbkg = 21264.4
NbkgError = 173.241
