bias = 8.04687e-05
biasError = 0.00173564
sigma1 = 2.39822
sigma1Error = 0.391042
sigma2 = 0.808677
sigma2Error = 0.0527985
beta = 0.226611
betaError = 0.0614456
tau = 1.47797
tauError = 0.08928
Nprompt = 1644.48
NpromptError = 70.8993
Nfromb = 505.635
NfrombError = 32.0278
Ntail = 4.25064
NtailError = 3.16056
Nbkg = 7203.79
NbkgError = 104.298
