bias = -0.00648845
biasError = 0.000588832
sigma1 = 1.74449
sigma1Error = 0.162734
sigma2 = 0.876682
sigma2Error = 0.0377287
beta = 0.27187
betaError = 0.0691379
tau = 1.52501
tauError = 0.0305173
Nprompt = 11323.2
NpromptError = 156.567
Nfromb = 3953.41
NfrombError = 80.3529
Ntail = 10.0995
NtailError = 6.26718
Nbkg = 41950.7
NbkgError = 238.043
