bias = -0.00449828
biasError = 0.000537859
sigma1 = 1.92077
sigma1Error = 0.197201
sigma2 = 0.920035
sigma2Error = 0.0280091
beta = 0.165896
betaError = 0.0466593
tau = 1.51615
tauError = 0.0364592
Nprompt = 7307.88
NpromptError = 99.5626
Nfromb = 2577.36
NfrombError = 61.1683
Ntail = 8.83487
NtailError = 4.62016
Nbkg = 6374.46
NbkgError = 98.577
