bias = -0.00194394
biasError = 0.0043193
sigma1 = 2.54095
sigma1Error = 0.4109
sigma2 = 0.637755
sigma2Error = 0.0785133
beta = 0.358003
betaError = 0.083539
tau = 1.52377
tauError = 0.14135
Nprompt = 1640.47
NpromptError = 140.296
Nfromb = 438.555
NfrombError = 49.5194
Ntail = 24.02
NtailError = 8.59332
Nbkg = 40780.2
NbkgError = 246.425
