bias = -0.00962908
biasError = 0.00159439
sigma1 = 0.732541
sigma1Error = 0.15845
sigma2 = 1.34161
sigma2Error = 0.161304
beta = 0.369731
betaError = 0.219633
tau = 1.47797
tauError = 0.0464431
Nprompt = 5177.87
NpromptError = 169.476
Nfromb = 2044.93
NfrombError = 68.5321
Ntail = 6.93997e-06
NtailError = 1.26093
Nbkg = 92514.2
NbkgError = 343.638
