bias = -0.00205653
biasError = 0.0005846
sigma1 = 1.78151
sigma1Error = 0.277061
sigma2 = 0.893951
sigma2Error = 0.0366845
beta = 0.151016
betaError = 0.0689768
tau = 1.47707
tauError = 0.0427634
Nprompt = 3929.86
NpromptError = 74.029
Nfromb = 1692.44
NfrombError = 50.0433
Ntail = 6.02311
NtailError = 4.28951
Nbkg = 2540.76
NbkgError = 70.0767
