bias = -0.00428259
biasError = 0.000434476
sigma1 = 1.6745
sigma1Error = 0.203991
sigma2 = 0.940633
sigma2Error = 0.0382249
beta = 0.208164
betaError = 0.0855565
tau = 1.47443
tauError = 0.0316788
Nprompt = 9499.94
NpromptError = 120.285
Nfromb = 3279.2
NfrombError = 70.3847
Ntail = 8.57862
NtailError = 5.44712
Nbkg = 12497.1
NbkgError = 136.873
