bias = -0.000832513
biasError = 0.00043585
sigma1 = 1.93225
sigma1Error = 0.252146
sigma2 = 0.922424
sigma2Error = 0.0197692
beta = 0.109843
betaError = 0.0363394
tau = 1.53324
tauError = 0.0341145
Nprompt = 14981.3
NpromptError = 151.775
Nfromb = 3477.52
NfrombError = 78.2436
Ntail = 17.4826
NtailError = 7.31153
Nbkg = 16164.5
NbkgError = 162.121
