bias = -0.016393
biasError = 0.00324983
sigma1 = 0.753396
sigma1Error = 0.0996763
sigma2 = 1.64797
sigma2Error = 0.180452
beta = 0.489457
betaError = 0.129571
tau = 1.73354
tauError = 0.0859771
Nprompt = 3357.52
NpromptError = 190.049
Nfromb = 1169.86
NfrombError = 67.1562
Ntail = 7.13308
NtailError = 5.62615
Nbkg = 133411
NbkgError = 411.168
