bias = 0.00341914
biasError = 0.000608538
sigma1 = 3.25473
sigma1Error = 0.272402
sigma2 = 0.944186
sigma2Error = 0.00971178
beta = 0.0590253
betaError = 0.00751871
tau = 1.53241
tauError = 0.0918073
Nprompt = 15733.7
NpromptError = 152.248
Nfromb = 1154.64
NfrombError = 62.3949
Ntail = 569.509
NtailError = 34.4165
Nbkg = 17679.6
NbkgError = 164.638
