bias = -0.00498658
biasError = 0.00158058
sigma1 = 2.64975
sigma1Error = 0.658866
sigma2 = 0.862115
sigma2Error = 0.0552565
beta = 0.14774
betaError = 0.0599223
tau = 1.55888
tauError = 0.137941
Nprompt = 961.441
NpromptError = 43.503
Nfromb = 232.452
NfrombError = 21.9207
Ntail = 6.4638e-05
NtailError = 1.47446
Nbkg = 1626.24
NbkgError = 52.3862
