bias = -0.00968877
biasError = 0.00106395
sigma1 = 1.4221
sigma1Error = 0.0946792
sigma2 = 0.737103
sigma2Error = 0.0669212
beta = 0.549862
betaError = 0.101871
tau = 1.76275
tauError = 0.0471554
Nprompt = 14945.3
NpromptError = 298.194
Nfromb = 3983.24
NfrombError = 116.722
Ntail = 55.9446
NtailError = 19.7925
Nbkg = 293581
NbkgError = 614.695
