bias = -0.00757317
biasError = 0.000962543
sigma1 = 2.13254
sigma1Error = 0.485407
sigma2 = 0.878477
sigma2Error = 0.0347546
beta = 0.101074
betaError = 0.0489149
tau = 1.5686
tauError = 0.0740061
Nprompt = 3114.7
NpromptError = 62.9361
Nfromb = 732.056
NfrombError = 33.5258
Ntail = 5.44595
NtailError = 3.78961
Nbkg = 1701.8
NbkgError = 51.9968
