bias = -0.00597635
biasError = 0.00269756
sigma1 = 1.33032
sigma1Error = 0.173063
sigma2 = 0.483542
sigma2Error = 0.14698
beta = 0.692326
betaError = 0.146116
tau = 1.6064
tauError = 0.0763557
Nprompt = 2303.83
NpromptError = 148.395
Nfromb = 919.416
NfrombError = 49.8579
Ntail = 2.87753e-05
NtailError = 2.68514
Nbkg = 70171.7
NbkgError = 302.27
