bias = -0.00246153
biasError = 0.000393856
sigma1 = 0.974412
sigma1Error = 0.0301985
sigma2 = 2.25306
sigma2Error = 0.430618
beta = 0.888672
betaError = 0.0449725
tau = 1.45236
tauError = 0.0275052
Nprompt = 7334.99
NpromptError = 101.411
Nfromb = 3806.43
NfrombError = 72.5229
Ntail = 7.51145
NtailError = 4.84151
Nbkg = 5768.8
NbkgError = 98.6604
