bias = -0.000741073
biasError = 0.000870688
sigma1 = 2.98664
sigma1Error = 1.08629
sigma2 = 0.92518
sigma2Error = 0.0332926
beta = 0.0839604
betaError = 0.0380999
tau = 1.48594
tauError = 0.049391
Nprompt = 5419.05
NpromptError = 117.634
Nfromb = 1600.77
NfrombError = 55.8136
Ntail = 3.5048e-06
NtailError = 1.45531
Nbkg = 17489.5
NbkgError = 162.378
