bias = -0.012737
biasError = 0.00649643
sigma1 = 8
sigma1Error = 4.91657
sigma2 = 0.983711
sigma2Error = 0.170385
beta = 0.140454
betaError = 0.0394694
tau = 1.68235
tauError = 0.12696
Nprompt = 1504.66
NpromptError = 169.356
Nfromb = 521.221
NfrombError = 48.7343
Ntail = 5.54446
NtailError = 6.49561
Nbkg = 88003.6
NbkgError = 340.484
