bias = -0.00229809
biasError = 0.000838653
sigma1 = 3.1474
sigma1Error = 0.762546
sigma2 = 0.960031
sigma2Error = 0.0287382
beta = 0.0806937
betaError = 0.0271599
tau = 1.46628
tauError = 0.0637655
Nprompt = 3078.39
NpromptError = 73.0641
Nfromb = 843.776
NfrombError = 38.4139
Ntail = 4.07271e-06
NtailError = 2.38705
Nbkg = 3774.88
NbkgError = 80.1005
