bias = -0.000806662
biasError = 0.00119828
sigma1 = 2.01087
sigma1Error = 0.207774
sigma2 = 0.810472
sigma2Error = 0.0369197
beta = 0.258769
betaError = 0.053522
tau = 1.52166
tauError = 0.0482787
Nprompt = 7321.57
NpromptError = 178.591
Nfromb = 2127.11
NfrombError = 73.115
Ntail = 13.5749
NtailError = 7.86801
Nbkg = 62465.3
NbkgError = 299.155
