bias = 0.00485577
biasError = 0.00277448
sigma1 = 1.97768
sigma1Error = 0.248625
sigma2 = 0.734788
sigma2Error = 0.0665977
beta = 0.339885
betaError = 0.0855998
tau = 1.55328
tauError = 0.0921972
Nprompt = 1947.96
NpromptError = 107.308
Nfromb = 622.706
NfrombError = 40.8715
Ntail = 0.000409014
NtailError = 1.48736
Nbkg = 26327.6
NbkgError = 191.55
