bias = -0.00427693
biasError = 0.000539801
sigma1 = 0.935915
sigma1Error = 0.023881
sigma2 = 2.96729
sigma2Error = 0.420864
beta = 0.89747
betaError = 0.0228281
tau = 1.41081
tauError = 0.0397453
Nprompt = 3862.53
NpromptError = 75.8629
Nfromb = 1862.23
NfrombError = 51.8223
Ntail = 7.70284
NtailError = 5.69479
Nbkg = 3739.51
NbkgError = 78.6022
