bias = -0.00675157
biasError = 0.00125247
sigma1 = 1.44026
sigma1Error = 0.162394
sigma2 = 0.814102
sigma2Error = 0.0828084
beta = 0.449054
betaError = 0.160256
tau = 1.57178
tauError = 0.0404619
Nprompt = 8769.93
NpromptError = 236.073
Nfromb = 3099.48
NfrombError = 86.7929
Ntail = 7.40413
NtailError = 6.89297
Nbkg = 153696
NbkgError = 452.201
