bias = -0.00683765
biasError = 0.00423023
sigma1 = 1.79557
sigma1Error = 0.236121
sigma2 = 0.745189
sigma2Error = 0.15761
beta = 0.571272
betaError = 0.156762
tau = 1.5461
tauError = 0.0871363
Nprompt = 1374.36
NpromptError = 111.36
Nfromb = 606.804
NfrombError = 38.5721
Ntail = 3.26089e-07
NtailError = 1.78409
Nbkg = 44107.3
NbkgError = 236.214
