bias = -0.000459175
biasError = 0.000803434
sigma1 = 1.75249
sigma1Error = 0.441577
sigma2 = 0.93007
sigma2Error = 0.05958
beta = 0.159265
betaError = 0.122884
tau = 1.24358
tauError = 0.0502835
Nprompt = 2332.64
NpromptError = 60.1983
Nfromb = 910.148
NfrombError = 38.2009
Ntail = 5.83977e-06
NtailError = 1.30019
Nbkg = 1992.25
NbkgError = 61.0708
