18237.7
NsigError = 140.382
Nbkg = 950.165
NbkgError = 49.1967
mean = -0.594059
meanError = 0.107422
sigma = 6.83937
sigmaError = 0.167636
p0 =-0.00228749
p0Error =0.00056374
