32765
NsigError = 187.837
Nbkg = 1048.03
NbkgError = 59.7185
mean = -1.05481
meanError = 0.0817503
sigma = 5.25739
sigmaError = 0.164335
p0 =-0.00158565
p0Error =0.000617528
