231475
NsigError = 498.558
Nbkg = 9789.98
NbkgError = 163.939
mean = -1.09819
meanError = 0.0281165
sigma = 4.93771
sigmaError = 0.0553407
p0 =-0.00158018
p0Error =0.000185704
