9416.44
NsigError = 101.547
Nbkg = 411.626
NbkgError = 36.157
mean = -1.36906
meanError = 0.218579
sigma = 7.47636
sigmaError = 0.452531
p0 =-0.00314692
p0Error =0.000912982
