347732
NsigError = 614.042
Nbkg = 19541
NbkgError = 221.042
mean = -0.536996
meanError = 0.0222512
sigma = 5.96545
sigmaError = 0.0355709
p0 =-0.00142232
p0Error =0.000126057
