508866
NsigError = 742.517
Nbkg = 24011.9
NbkgError = 257.834
mean = -1.2265
meanError = 0.0199286
sigma = 5.0263
sigmaError = 0.0404291
p0 =-0.00140735
p0Error =0.000118746
