371639
NsigError = 662.163
Nbkg = 97625.2
NbkgError = 405.528
mean = -0.441392
meanError = 0.0204982
sigma = 5.47218
sigmaError = 0.0333671
p0 =0.00103881
p0Error =5.03687e-05
