292997
NsigError = 562.388
Nbkg = 13258.4
NbkgError = 191.159
mean = -1.34336
meanError = 0.0275322
sigma = 4.6491
sigmaError = 0.0632943
p0 =-0.00220579
p0Error =0.000156876
