691159
NsigError = 871.777
Nbkg = 48426.9
NbkgError = 342.443
mean = -1.21129
meanError = 0.0173258
sigma = 5.04032
sigmaError = 0.0353014
p0 =-0.00080012
p0Error =7.98018e-05
