796462
NsigError = 950.966
Nbkg = 79835.6
NbkgError = 433.259
mean = -1.14207
meanError = 0.0192231
sigma = 6.1117
sigmaError = 0.0387904
p0 =-0.00093723
p0Error =5.98191e-05
