123629
NsigError = 372.492
Nbkg = 4938.64
NbkgError = 141.641
mean = -1.03584
meanError = 0.0615884
sigma = 6.70064
sigmaError = 0.145217
p0 =-0.00222173
p0Error =0.000286714
