231085
NsigError = 502.352
Nbkg = 15700.2
NbkgError = 192.308
mean = -0.47324
meanError = 0.0289414
sigma = 6.23656
sigmaError = 0.0468942
p0 =-0.00112485
p0Error =0.000137168
