212496
NsigError = 481.455
Nbkg = 11492.8
NbkgError = 175.485
mean = -0.501004
meanError = 0.032463
sigma = 6.74478
sigmaError = 0.0527047
p0 =-0.00135804
p0Error =0.000165639
