273058
NsigError = 544.722
Nbkg = 14321.4
NbkgError = 194.899
mean = -1.16775
meanError = 0.0288016
sigma = 4.79486
sigmaError = 0.064637
p0 =-0.00163426
p0Error =0.000149713
