195564
NsigError = 462.13
Nbkg = 7721.24
NbkgError = 160.383
mean = -1.3491
meanError = 0.0369568
sigma = 5.48932
sigmaError = 0.0787613
p0 =-0.00101654
p0Error =0.000224184
