432194
NsigError = 696.272
Nbkg = 29068.5
NbkgError = 285.776
mean = -0.964
meanError = 0.0277333
sigma = 6.9274
sigmaError = 0.053167
p0 =-0.00121512
p0Error =0.000104785
