187653
NsigError = 454.868
Nbkg = 7737.72
NbkgError = 164.29
mean = -1.27264
meanError = 0.0448242
sigma = 7.16755
sigmaError = 0.0858154
p0 =-0.00201137
p0Error =0.000220609
