268685
NsigError = 606.193
Nbkg = 203974
NbkgError = 550.237
mean = -0.52322
meanError = 0.0262353
sigma = 5.46516
sigmaError = 0.0445084
p0 =0.00105684
p0Error =3.31558e-05
