290948
NsigError = 569.853
Nbkg = 24663.1
NbkgError = 241.764
mean = -0.669108
meanError = 0.0262454
sigma = 6.4428
sigmaError = 0.0419424
p0 =-0.00019364
p0Error =0.000111402
