340438
NsigError = 613.353
Nbkg = 23161.7
NbkgError = 242.756
mean = -1.3489
meanError = 0.0262144
sigma = 5.18423
sigmaError = 0.0552108
p0 =-0.00101505
p0Error =0.000116288
