224817
NsigError = 500.461
Nbkg = 12067.4
NbkgError = 194.195
mean = -1.15946
meanError = 0.0413297
sigma = 6.72541
sigmaError = 0.0869846
p0 =-0.00211308
p0Error =0.00016739
