567279
NsigError = 808.049
Nbkg = 100772
NbkgError = 431.789
mean = -0.969015
meanError = 0.0179232
sigma = 4.95938
sigmaError = 0.0347832
p0 =0.00059923
p0Error =5.08119e-05
