341756
NsigError = 613.016
Nbkg = 16354.9
NbkgError = 224.456
mean = -0.938904
meanError = 0.0308077
sigma = 6.61832
sigmaError = 0.0602615
p0 =-0.00160358
p0Error =0.0001457
