392066
NsigError = 659.353
Nbkg = 38193.1
NbkgError = 284.388
mean = -0.495675
meanError = 0.0212505
sigma = 6.01494
sigmaError = 0.0342865
p0 =-0.00107864
p0Error =8.47692e-05
