243629
NsigError = 514.649
Nbkg = 12109.9
NbkgError = 182.61
mean = -1.24825
meanError = 0.0303755
sigma = 5.01429
sigmaError = 0.0649535
p0 =-0.00185434
p0Error =0.000164996
