166969
NsigError = 429.785
Nbkg = 7121.78
NbkgError = 157.693
mean = -1.20952
meanError = 0.0471917
sigma = 6.58577
sigmaError = 0.100058
p0 =-0.00224939
p0Error =0.000227544
