408730
NsigError = 674.907
Nbkg = 23585.8
NbkgError = 265.251
mean = -1.33032
meanError = 0.0283669
sigma = 6.36007
sigmaError = 0.0586989
p0 =-0.00130708
p0Error =0.000119332
