227506
NsigError = 529.719
Nbkg = 91450
NbkgError = 380.203
mean = -0.562598
meanError = 0.0268532
sigma = 5.54583
sigmaError = 0.0435449
p0 =0.00100467
p0Error =5.06374e-05
