162035
NsigError = 419.933
Nbkg = 8798.12
NbkgError = 152.015
mean = -0.519391
meanError = 0.037183
sigma = 6.73708
sigmaError = 0.0601604
p0 =-0.00111542
p0Error =0.000189577
