466502
NsigError = 722.082
Nbkg = 47060.6
NbkgError = 319.316
mean = -1.22755
meanError = 0.0213831
sigma = 5.07813
sigmaError = 0.0440369
p0 =-0.00063724
p0Error =7.71616e-05
