205397
NsigError = 471.884
Nbkg = 12006
NbkgError = 171.126
mean = -1.44907
meanError = 0.0331259
sigma = 5.13232
sigmaError = 0.0687167
p0 =-0.00181896
p0Error =0.000158049
