137336
NsigError = 388.682
Nbkg = 6393.66
NbkgError = 141.88
mean = -0.807339
meanError = 0.052313
sigma = 6.97897
sigmaError = 0.104603
p0 =-0.00311437
p0Error =0.000232597
