484051
NsigError = 751.183
Nbkg = 71042.1
NbkgError = 388.937
mean = -1.19872
meanError = 0.025075
sigma = 6.4148
sigmaError = 0.048854
p0 =-0.00101027
p0Error =6.09049e-05
