113704
NsigError = 351.512
Nbkg = 6707
NbkgError = 128.693
mean = -0.390863
meanError = 0.0444571
sigma = 6.67716
sigmaError = 0.0726277
p0 =-0.00221028
p0Error =0.000209037
