399551
NsigError = 696.19
Nbkg = 113937
NbkgError = 446.172
mean = -1.1534
meanError = 0.0230851
sigma = 5.15389
sigmaError = 0.0460971
p0 =-0.000271695
p0Error =4.60099e-05
