58585
NsigError = 256.628
Nbkg = 2624.31
NbkgError = 99.4978
mean = -1.0612
meanError = 0.0909092
sigma = 7.9442
sigmaError = 0.184917
p0 =-0.00194336
p0Error =0.000377432
