208432
NsigError = 484.726
Nbkg = 15849
NbkgError = 205.837
mean = -1.0488
meanError = 0.0402781
sigma = 7.12978
sigmaError = 0.0749508
p0 =-0.00113461
p0Error =0.000139691
