81998.5
NsigError = 329.536
Nbkg = 52401.6
NbkgError = 281.063
mean = -0.638222
meanError = 0.0465998
sigma = 5.38943
sigmaError = 0.0791592
p0 =0.00101988
p0Error =6.5721e-05
