64809.3
NsigError = 266.422
Nbkg = 3103.45
NbkgError = 96.3086
mean = -0.947548
meanError = 0.0646255
sigma = 5.49582
sigmaError = 0.138695
p0 =-0.00124442
p0Error =0.000333029
