bias = -0.00149816
biasError = 0.000659767
sigma1 = 0.968242
sigma1Error = 0.0243089
sigma2 = 3.24527
sigma2Error = 0.645923
beta = 0.925335
betaError = 0.0204143
tau = 1.30661
tauError = 0.04543
Nprompt = 3331.46
NpromptError = 71.1287
Nfromb = 1446.08
NfrombError = 47.2562
Ntail = 8.3607
NtailError = 6.41175
Nbkg = 2309.08
NbkgError = 67.2832
