bias = -0.00152583
biasError = 0.000528944
sigma1 = 0.945354
sigma1Error = 0.0156764
sigma2 = 2.37051
sigma2Error = 0.319506
beta = 0.933857
betaError = 0.0192612
tau = 1.6011
tauError = 0.0471457
Nprompt = 9570.84
NpromptError = 115.46
Nfromb = 2028.85
NfrombError = 58.8064
Ntail = 28.8007
NtailError = 8.62932
Nbkg = 7207.55
NbkgError = 109.858
