bias = -0.00914949
biasError = 0.000566867
sigma1 = 0.859224
sigma1Error = 0.0348285
sigma2 = 1.51779
sigma2Error = 0.178185
beta = 0.78706
betaError = 0.0869274
tau = 1.58531
tauError = 0.0388451
Nprompt = 12858.7
NpromptError = 146.462
Nfromb = 2923.35
NfrombError = 72.3346
Ntail = 25.771
NtailError = 8.31841
Nbkg = 27025.6
NbkgError = 192.751
