bias = 0.0011816
biasError = 0.000779324
sigma1 = 1.27356
sigma1Error = 0.0855211
sigma2 = 0.783649
sigma2Error = 0.0574636
beta = 0.500235
betaError = 0.128796
tau = 1.56784
tauError = 0.0462495
Nprompt = 16916.7
NpromptError = 221.816
Nfromb = 3406.52
NfrombError = 106.644
Ntail = 162.609
NtailError = 23.8576
Nbkg = 103077
NbkgError = 378.224
