bias = -0.00659567
biasError = 0.000586587
sigma1 = 0.865537
sigma1Error = 0.0585978
sigma2 = 1.33398
sigma2Error = 0.157201
beta = 0.686684
betaError = 0.172104
tau = 1.52737
tauError = 0.0386301
Nprompt = 8238.81
NpromptError = 107.345
Nfromb = 2356.2
NfrombError = 59.5019
Ntail = 8.32803
NtailError = 4.72104
Nbkg = 9027.87
NbkgError = 114.75
