bias = -0.00864645
biasError = 0.000778283
sigma1 = 1.10368
sigma1Error = 0.0374106
sigma2 = 0.443744
sigma2Error = 0.164585
beta = 0.902018
betaError = 0.0625209
tau = 1.68394
tauError = 0.0457064
Nprompt = 16252.4
NpromptError = 242.555
Nfromb = 3735.27
NfrombError = 107.708
Ntail = 65.7698
NtailError = 19.1812
Nbkg = 172667
NbkgError = 472.349
