bias = -0.00221415
biasError = 0.000444633
sigma1 = 0.940588
sigma1Error = 0.0255213
sigma2 = 2.29925
sigma2Error = 0.33108
beta = 0.882746
betaError = 0.033957
tau = 1.47799
tauError = 0.0333291
Nprompt = 5410.9
NpromptError = 84.8728
Nfromb = 2756.28
NfrombError = 62.3736
Ntail = 0.000592635
NtailError = 1.75602
Nbkg = 3575.54
NbkgError = 78.0333
