bias = -0.00647994
biasError = 0.000413341
sigma1 = 1.7347
sigma1Error = 0.2614
sigma2 = 0.909644
sigma2Error = 0.0267654
beta = 0.132859
betaError = 0.0596097
tau = 1.52887
tauError = 0.0309055
Nprompt = 21784.6
NpromptError = 196.961
Nfromb = 4538.93
NfrombError = 93.1927
Ntail = 42.1149
NtailError = 11.4291
Nbkg = 50669
NbkgError = 265.668
