bias = -0.00376614
biasError = 0.00110578
sigma1 = 1.39938
sigma1Error = 0.302958
sigma2 = 0.834549
sigma2Error = 0.0800773
beta = 0.255186
betaError = 0.209016
tau = 1.80151
tauError = 0.102653
Nprompt = 2069.49
NpromptError = 51.0535
Nfromb = 528.555
NfrombError = 28.541
Ntail = 20.6412
NtailError = 7.02445
Nbkg = 1023.32
NbkgError = 42.3439
