bias = -0.000125996
biasError = 0.000500849
sigma1 = 1.50758
sigma1Error = 0.135191
sigma2 = 0.868043
sigma2Error = 0.0279463
beta = 0.217935
betaError = 0.0706346
tau = 1.48492
tauError = 0.0386385
Nprompt = 17801.4
NpromptError = 170.75
Nfromb = 3338.77
NfrombError = 83.5607
Ntail = 112.534
NtailError = 17.9689
Nbkg = 27863.3
NbkgError = 205.497
