bias = -0.0104873
biasError = 0.00278887
sigma1 = 1.6173
sigma1Error = 0.101388
sigma2 = 0.650022
sigma2Error = 0.0969822
beta = 0.701371
betaError = 0.0851326
tau = 1.73057
tauError = 0.0672499
Nprompt = 5780.27
NpromptError = 259.917
Nfromb = 1909.9
NfrombError = 86.5657
Ntail = 0.000418814
NtailError = 1.31736
Nbkg = 241244
NbkgError = 554.743
