bias = -0.00203126
biasError = 0.000636402
sigma1 = 2.31781
sigma1Error = 0.260893
sigma2 = 0.889177
sigma2Error = 0.0249725
beta = 0.147793
betaError = 0.0319764
tau = 1.41378
tauError = 0.0456747
Nprompt = 5351.53
NpromptError = 96.8611
Nfromb = 1512.68
NfrombError = 50.8477
Ntail = 2.72775e-06
NtailError = 2.01716
Nbkg = 7083.71
NbkgError = 109.588
