bias = -0.0086125
biasError = 0.000666605
sigma1 = 1.44085
sigma1Error = 0.180694
sigma2 = 0.890522
sigma2Error = 0.063958
beta = 0.314508
betaError = 0.163589
tau = 1.56779
tauError = 0.0357762
Nprompt = 12913.3
NpromptError = 175.477
Nfromb = 3475.3
NfrombError = 82.5748
Ntail = 14.3447
NtailError = 7.7691
Nbkg = 64509.4
NbkgError = 291.439
