bias = -0.00586551
biasError = 0.000806657
sigma1 = 0.900183
sigma1Error = 0.0347889
sigma2 = 2.19291
sigma2Error = 0.238352
beta = 0.790325
betaError = 0.0469166
tau = 1.60765
tauError = 0.038554
Nprompt = 8638.38
NpromptError = 166.006
Nfromb = 2988.78
NfrombError = 72.8224
Ntail = 14.0941
NtailError = 7.46472
Nbkg = 61117.4
NbkgError = 285.261
