bias = -0.0045456
biasError = 0.00167657
sigma1 = 1.93561
sigma1Error = 0.961472
sigma2 = 0.982358
sigma2Error = 0.0467041
beta = 0.0337556
betaError = 0.064519
tau = 1.54367
tauError = 0.106657
Nprompt = 795.425
NpromptError = 30.8083
Nfromb = 306.086
NfrombError = 20.7022
Ntail = 4.12675
NtailError = 2.90019
Nbkg = 358.249
NbkgError = 24.306
