bias = -0.00508907
biasError = 0.000613245
sigma1 = 1.31587
sigma1Error = 0.0852924
sigma2 = 0.738379
sigma2Error = 0.0781857
beta = 0.604057
betaError = 0.12316
tau = 1.43743
tauError = 0.028782
Nprompt = 12706.5
NpromptError = 199.145
Nfromb = 4460.78
NfrombError = 90.7959
Ntail = 3.85364e-08
NtailError = 1.48993
Nbkg = 86248.2
NbkgError = 341.083
