bias = -0.00519532
biasError = 0.000711132
sigma1 = 1.78497
sigma1Error = 0.190977
sigma2 = 0.889719
sigma2Error = 0.0395438
beta = 0.252694
betaError = 0.0717786
tau = 1.52419
tauError = 0.0365773
Nprompt = 7934.34
NpromptError = 131.801
Nfromb = 2813
NfrombError = 67.8755
Ntail = 12.5499
NtailError = 6.62802
Nbkg = 29735.2
NbkgError = 200.745
