bias = -0.00107907
biasError = 0.000599027
sigma1 = 2.96397
sigma1Error = 0.964097
sigma2 = 0.981242
sigma2Error = 0.022852
beta = 0.048272
betaError = 0.0234604
tau = 1.24737
tauError = 0.0380567
Nprompt = 4117.8
NpromptError = 81.2819
Nfromb = 1616.81
NfrombError = 50.9327
Ntail = 9.8671e-05
NtailError = 1.30489
Nbkg = 3536.29
NbkgError = 81.7215
