bias = 0.00220897
biasError = 0.00169606
sigma1 = 0.683566
sigma1Error = 0.0440143
sigma2 = 1.61384
sigma2Error = 0.100624
beta = 0.534564
betaError = 0.062568
tau = 1.6524
tauError = 0.0559177
Nprompt = 9120.75
NpromptError = 270.481
Nfromb = 2613.02
NfrombError = 103.153
Ntail = 54.1853
NtailError = 17.2681
Nbkg = 185815
NbkgError = 507.834
