bias = -0.011674
biasError = 0.000697455
sigma1 = 1.54639
sigma1Error = 0.150889
sigma2 = 0.870461
sigma2Error = 0.0373253
beta = 0.257761
betaError = 0.0860132
tau = 1.60982
tauError = 0.055029
Nprompt = 13127.5
NpromptError = 161.22
Nfromb = 2054.78
NfrombError = 73.6884
Ntail = 52.3994
NtailError = 12.9803
Nbkg = 49309.5
NbkgError = 254.77
