bias = -0.00414334
biasError = 0.00186286
sigma1 = 1.30966
sigma1Error = 0.120426
sigma2 = 0.580317
sigma2Error = 0.149021
beta = 0.680634
betaError = 0.150934
tau = 1.6619
tauError = 0.102703
Nprompt = 464.143
NpromptError = 24.019
Nfromb = 347.469
NfrombError = 21.1818
Ntail = 4.17359e-06
NtailError = 1.06206
Nbkg = 275.465
NbkgError = 21.5596
