bias = 0.00281623
biasError = 0.000684828
sigma1 = 2.54575
sigma1Error = 0.618529
sigma2 = 0.968961
sigma2Error = 0.0154469
beta = 0.0398315
betaError = 0.0180522
tau = 1.6627
tauError = 0.113321
Nprompt = 11787.5
NpromptError = 126.797
Nfromb = 882.14
NfrombError = 52.454
Ntail = 526.55
NtailError = 33.6693
Nbkg = 9710.91
NbkgError = 124.073
