bias = -0.000640577
biasError = 0.000722556
sigma1 = 2.62753
sigma1Error = 0.425045
sigma2 = 0.958575
sigma2Error = 0.0213256
beta = 0.0645687
betaError = 0.0211904
tau = 1.56269
tauError = 0.0575237
Nprompt = 3668.7
NpromptError = 69.5861
Nfromb = 1081.83
NfrombError = 41.2576
Ntail = 3.02871
NtailError = 2.95822
Nbkg = 1946.52
NbkgError = 60.1318
