bias = -0.00608874
biasError = 0.00122651
sigma1 = 2.0185
sigma1Error = 0.479706
sigma2 = 0.88615
sigma2Error = 0.0480241
beta = 0.104101
betaError = 0.0655712
tau = 1.74458
tauError = 0.10724
Nprompt = 906.171
NpromptError = 32.8272
Nfromb = 374.437
NfrombError = 22.4961
Ntail = 4.10083
NtailError = 3.62543
Nbkg = 338.313
NbkgError = 24.5653
