bias = -0.00216477
biasError = 0.000663714
sigma1 = 3.80437
sigma1Error = 0.766954
sigma2 = 0.94227
sigma2Error = 0.0185977
beta = 0.0613433
betaError = 0.014401
tau = 1.48583
tauError = 0.048688
Nprompt = 4509.44
NpromptError = 84.1837
Nfromb = 1402.71
NfrombError = 49.2994
Ntail = 2.78031e-05
NtailError = 1.8626
Nbkg = 4319.89
NbkgError = 86.1485
