bias = -0.00712247
biasError = 0.000569998
sigma1 = 1.55505
sigma1Error = 0.174737
sigma2 = 0.901749
sigma2Error = 0.0370485
beta = 0.216223
betaError = 0.0894864
tau = 1.5054
tauError = 0.0329457
Nprompt = 9775.2
NpromptError = 130.02
Nfromb = 3198.65
NfrombError = 70.8477
Ntail = 6.96798
NtailError = 5.18557
Nbkg = 21759.9
NbkgError = 173.388
