bias = -0.00409504
biasError = 0.000604605
sigma1 = 2.18229
sigma1Error = 0.240095
sigma2 = 0.934607
sigma2Error = 0.0254309
beta = 0.143957
betaError = 0.0351396
tau = 1.47634
tauError = 0.0387452
Nprompt = 5869.49
NpromptError = 91.8581
Nfromb = 2150.39
NfrombError = 56.2511
Ntail = 7.3421
NtailError = 4.16558
Nbkg = 6209.92
NbkgError = 96.6285
