bias = -0.00613961
biasError = 0.000681461
sigma1 = 0.935896
sigma1Error = 0.0210601
sigma2 = 2.59924
sigma2Error = 0.309758
beta = 0.90801
betaError = 0.0218927
tau = 1.58516
tauError = 0.0502437
Nprompt = 4346.53
NpromptError = 74.6968
Nfromb = 1476.5
NfrombError = 46.7689
Ntail = 7.35399
NtailError = 4.4521
Nbkg = 2774.64
NbkgError = 66.6753
