bias = -0.00625747
biasError = 0.000518855
sigma1 = 1.24245
sigma1Error = 0.107925
sigma2 = 0.839089
sigma2Error = 0.067524
beta = 0.456292
betaError = 0.193361
tau = 1.5534
tauError = 0.0460529
Nprompt = 21390.3
NpromptError = 208.296
Nfromb = 3344.69
NfrombError = 96.1041
Ntail = 172.105
NtailError = 24.7674
Nbkg = 83895.6
NbkgError = 333.682
