bias = -0.0045951
biasError = 0.000530701
sigma1 = 2.889
sigma1Error = 0.386324
sigma2 = 0.974574
sigma2Error = 0.0178888
beta = 0.072131
betaError = 0.0167142
tau = 1.59766
tauError = 0.0463945
Nprompt = 5530.02
NpromptError = 84.1706
Nfromb = 1697.1
NfrombError = 50.2723
Ntail = 5.47452
NtailError = 4.52745
Nbkg = 3158.44
NbkgError = 72.2574
