bias = -0.00682885
biasError = 0.000722419
sigma1 = 0.770337
sigma1Error = 0.0967367
sigma2 = 1.25265
sigma2Error = 0.119103
beta = 0.463742
betaError = 0.198858
tau = 1.49939
tauError = 0.03193
Nprompt = 15049.7
NpromptError = 240.567
Nfromb = 4507.37
NfrombError = 101.786
Ntail = 40.4785
NtailError = 12.5088
Nbkg = 150108
NbkgError = 444.996
