bias = -0.00320102
biasError = 0.000429688
sigma1 = 2.20398
sigma1Error = 0.302749
sigma2 = 0.942406
sigma2Error = 0.0328902
beta = 0.164399
betaError = 0.0475505
tau = 1.36628
tauError = 0.02887
Nprompt = 6670.2
NpromptError = 100.472
Nfromb = 3205.97
NfrombError = 67.5037
Ntail = 4.40996
NtailError = 4.83824
Nbkg = 6965.41
NbkgError = 106.577
