bias = -0.000511628
biasError = 0.000625672
sigma1 = 2.02222
sigma1Error = 0.208667
sigma2 = 0.903899
sigma2Error = 0.0255266
beta = 0.175629
betaError = 0.0406667
tau = 1.49068
tauError = 0.041294
Nprompt = 9153.06
NpromptError = 132.856
Nfromb = 2296.31
NfrombError = 65.7525
Ntail = 8.75867
NtailError = 5.45082
Nbkg = 18301.2
NbkgError = 168.27
