bias = -0.0106848
biasError = 0.000888413
sigma1 = 2.21252
sigma1Error = 0.227784
sigma2 = 0.806702
sigma2Error = 0.0188876
beta = 0.106198
betaError = 0.0222946
tau = 1.73199
tauError = 0.0794853
Nprompt = 4575.07
NpromptError = 76.5552
Nfromb = 830.904
NfrombError = 37.2041
Ntail = 18.4551
NtailError = 6.94344
Nbkg = 3061.1
NbkgError = 68.0045
