bias = -0.00572976
biasError = 0.000498428
sigma1 = 1.28305
sigma1Error = 0.133857
sigma2 = 0.851172
sigma2Error = 0.0642194
beta = 0.394032
betaError = 0.190285
tau = 1.58605
tauError = 0.0282137
Nprompt = 21249.2
NpromptError = 235.264
Nfromb = 5691.21
NfrombError = 107.702
Ntail = 17.4172
NtailError = 8.03141
Nbkg = 116205
NbkgError = 394.272
