bias = -0.000315254
biasError = 0.000548847
sigma1 = 1.78436
sigma1Error = 0.139367
sigma2 = 0.868798
sigma2Error = 0.0192213
beta = 0.170791
betaError = 0.0362158
tau = 1.4909
tauError = 0.0345934
Nprompt = 18311.5
NpromptError = 200.49
Nfromb = 4024.13
NfrombError = 95.2878
Ntail = 37.8279
NtailError = 13.3032
Nbkg = 55741.1
NbkgError = 285.783
