bias = -0.00140389
biasError = 0.0006834
sigma1 = 1.42918
sigma1Error = 0.193216
sigma2 = 0.89938
sigma2Error = 0.105951
beta = 0.403756
betaError = 0.235936
tau = 1.49877
tauError = 0.0395542
Nprompt = 3208.87
NpromptError = 63.5847
Nfromb = 1909.5
NfrombError = 50.548
Ntail = 1.56963
NtailError = 3.18768
Nbkg = 1943.05
NbkgError = 57.3031
