bias = -0.0124718
biasError = 0.000991502
sigma1 = 1.43018
sigma1Error = 0.0955734
sigma2 = 0.758944
sigma2Error = 0.0594563
beta = 0.500911
betaError = 0.0987074
tau = 1.66945
tauError = 0.0519241
Nprompt = 10014.5
NpromptError = 184.838
Nfromb = 2539.73
NfrombError = 83.6249
Ntail = 38.3693
NtailError = 12.3925
Nbkg = 105922
NbkgError = 365.873
