bias = -0.00581978
biasError = 0.000415438
sigma1 = 0.913882
sigma1Error = 0.0253108
sigma2 = 1.6436
sigma2Error = 0.16953
beta = 0.835259
betaError = 0.0578066
tau = 1.60884
tauError = 0.0350664
Nprompt = 12846.5
NpromptError = 135.165
Nfromb = 3300.9
NfrombError = 71.7351
Ntail = 23.8543
NtailError = 9.16209
Nbkg = 14319.8
NbkgError = 145.443
