bias = -0.00920555
biasError = 0.0013327
sigma1 = 1.37794
sigma1Error = 0.117688
sigma2 = 0.709354
sigma2Error = 0.116962
beta = 0.639
betaError = 0.147997
tau = 1.50407
tauError = 0.0375805
Nprompt = 8260.58
NpromptError = 223.922
Nfromb = 3154.36
NfrombError = 86.0835
Ntail = 1.72814
NtailError = 8.67929
Nbkg = 169597
NbkgError = 463.467
