bias = -0.00417114
biasError = 0.000520891
sigma1 = 1.76822
sigma1Error = 0.21811
sigma2 = 0.931475
sigma2Error = 0.0396682
beta = 0.208321
betaError = 0.0777955
tau = 1.4885
tauError = 0.0376595
Nprompt = 6713.72
NpromptError = 101.55
Nfromb = 2376.57
NfrombError = 59.9957
Ntail = 10.2164
NtailError = 5.36983
Nbkg = 8924.41
NbkgError = 115.864
