bias = -0.00473498
biasError = 0.00040243
sigma1 = 1.77963
sigma1Error = 0.147231
sigma2 = 0.90009
sigma2Error = 0.0222843
beta = 0.18554
betaError = 0.0430297
tau = 1.51454
tauError = 0.0287047
Nprompt = 15704.2
NpromptError = 165.73
Nfromb = 4467.61
NfrombError = 85.5221
Ntail = 16.4251
NtailError = 7.59984
Nbkg = 32996.7
NbkgError = 216.418
