bias = -0.00491404
biasError = 0.000502902
sigma1 = 1.6845
sigma1Error = 0.218589
sigma2 = 0.862344
sigma2Error = 0.0433072
beta = 0.25126
betaError = 0.0889429
tau = 1.51683
tauError = 0.0318932
Nprompt = 12166.2
NpromptError = 164.562
Nfromb = 3890.08
NfrombError = 81.4891
Ntail = 24.7375
NtailError = 9.11833
Nbkg = 44012.1
NbkgError = 246.394
