bias = -0.00336062
biasError = 0.000532175
sigma1 = 1.79716
sigma1Error = 0.352954
sigma2 = 0.936524
sigma2Error = 0.0494642
beta = 0.188095
betaError = 0.102414
tau = 1.34341
tauError = 0.0325533
Nprompt = 7441.03
NpromptError = 119.597
Nfromb = 2833.71
NfrombError = 66.2562
Ntail = 15.9509
NtailError = 8.08577
Nbkg = 16529
NbkgError = 155.789
