bias = 0.00293887
biasError = 0.00118781
sigma1 = 1.94375
sigma1Error = 0.146893
sigma2 = 0.793389
sigma2Error = 0.0324313
beta = 0.281022
betaError = 0.0458002
tau = 1.6613
tauError = 0.0566449
Nprompt = 10379.2
NpromptError = 215.216
Nfromb = 2453.65
NfrombError = 94.7053
Ntail = 30.2511
NtailError = 14.8146
Nbkg = 116210
NbkgError = 397.772
