bias = 0.00131819
biasError = 0.00103052
sigma1 = 1.36361
sigma1Error = 0.126259
sigma2 = 0.799583
sigma2Error = 0.0705552
beta = 0.462012
betaError = 0.147375
tau = 1.49777
tauError = 0.036921
Nprompt = 11687.1
NpromptError = 231.375
Nfromb = 3537.49
NfrombError = 95.1933
Ntail = 13.2492
NtailError = 11.6747
Nbkg = 114904
NbkgError = 402.423
