bias = -0.00244633
biasError = 0.000722373
sigma1 = 1.45776
sigma1Error = 0.124781
sigma2 = 0.786431
sigma2Error = 0.0890044
beta = 0.530541
betaError = 0.138666
tau = 1.33928
tauError = 0.0361533
Nprompt = 5724.21
NpromptError = 106.302
Nfromb = 2231.15
NfrombError = 59.1995
Ntail = 2.30728
NtailError = 3.72565
Nbkg = 16600.2
NbkgError = 151.451
