bias = -0.00214483
biasError = 0.000618674
sigma1 = 3.33348
sigma1Error = 0.436084
sigma2 = 0.945873
sigma2Error = 0.0182668
beta = 0.0773391
betaError = 0.0147325
tau = 1.57566
tauError = 0.0501139
Nprompt = 5186.84
NpromptError = 86.8525
Nfromb = 1563.9
NfrombError = 51.2554
Ntail = 7.06664
NtailError = 4.75034
Nbkg = 3796.18
NbkgError = 81.9616
