bias = -0.00104625
biasError = 0.00054106
sigma1 = 1.99469
sigma1Error = 0.241554
sigma2 = 0.950746
sigma2Error = 0.0406405
beta = 0.222703
betaError = 0.0662322
tau = 1.45318
tauError = 0.0321529
Nprompt = 5206.97
NpromptError = 85.9043
Nfromb = 2828.05
NfrombError = 63.1146
Ntail = 3.61596
NtailError = 3.42033
Nbkg = 4716.04
NbkgError = 87.0974
