bias = -0.0082307
biasError = 0.00210805
sigma1 = 1.05277
sigma1Error = 0.0442784
sigma2 = 5
sigma2Error = 0.136242
beta = 0.898109
betaError = 0.018168
tau = 1.82581
tauError = 0.0587894
Nprompt = 8884.21
NpromptError = 330.077
Nfromb = 2795.95
NfrombError = 105.854
Ntail = 5.0526e-06
NtailError = 8.39493
Nbkg = 369148
NbkgError = 687.534
