bias = -0.00395624
biasError = 0.000465639
sigma1 = 0.940701
sigma1Error = 0.0278451
sigma2 = 1.737
sigma2Error = 0.19997
beta = 0.851373
betaError = 0.0567854
tau = 1.38592
tauError = 0.0337841
Nprompt = 7486.85
NpromptError = 101.936
Nfromb = 2603.75
NfrombError = 61.8966
Ntail = 15.4094
NtailError = 6.78386
Nbkg = 7147.12
NbkgError = 104.572
