bias = -0.00644969
biasError = 0.000983841
sigma1 = 1.4119
sigma1Error = 0.0827233
sigma2 = 0.705773
sigma2Error = 0.0536666
beta = 0.541513
betaError = 0.0818307
tau = 1.55672
tauError = 0.0310263
Nprompt = 14547.7
NpromptError = 313.541
Nfromb = 5061.74
NfrombError = 112.654
Ntail = 4.38756
NtailError = 5.81346
Nbkg = 281684
NbkgError = 610.163
