bias = -0.0120686
biasError = 0.00166633
sigma1 = 1.64299
sigma1Error = 0.257664
sigma2 = 0.904686
sigma2Error = 0.0854195
beta = 0.344952
betaError = 0.164237
tau = 1.56903
tauError = 0.0567777
Nprompt = 6625.94
NpromptError = 200.432
Nfromb = 1995.88
NfrombError = 82.1276
Ntail = 12.9898
NtailError = 8.47975
Nbkg = 132119
NbkgError = 411.937
