bias = -0.00753166
biasError = 0.000923128
sigma1 = 1.37191
sigma1Error = 0.0876362
sigma2 = 0.733049
sigma2Error = 0.0725232
beta = 0.570193
betaError = 0.10919
tau = 1.52258
tauError = 0.0390227
Nprompt = 9365.52
NpromptError = 179.164
Nfromb = 2882.42
NfrombError = 78.6165
Ntail = 4.01445
NtailError = 4.52159
Nbkg = 85059.5
NbkgError = 332.346
