bias = -0.00229835
biasError = 0.000798735
sigma1 = 1.83032
sigma1Error = 0.571154
sigma2 = 0.931578
sigma2Error = 0.0359691
beta = 0.0629371
betaError = 0.0633009
tau = 1.51188
tauError = 0.0585027
Nprompt = 1973.96
NpromptError = 51.9264
Nfromb = 934.109
NfrombError = 36.3768
Ntail = 2.57443
NtailError = 2.53681
Nbkg = 1158.24
NbkgError = 48.094
