bias = -0.00688155
biasError = 0.000661543
sigma1 = 2.96941
sigma1Error = 0.585444
sigma2 = 0.925437
sigma2Error = 0.0133325
beta = 0.0353511
betaError = 0.0108953
tau = 1.79319
tauError = 0.0725144
Nprompt = 7337.27
NpromptError = 98.8103
Nfromb = 1236.89
NfrombError = 46.7676
Ntail = 57.8689
NtailError = 12.0764
Nbkg = 6129.03
NbkgError = 95.9509
