bias = -0.00106436
biasError = 0.000683276
sigma1 = 1.83929
sigma1Error = 0.26434
sigma2 = 0.840868
sigma2Error = 0.0409276
beta = 0.237185
betaError = 0.0743841
tau = 1.50183
tauError = 0.0375124
Nprompt = 9280.5
NpromptError = 155.714
Nfromb = 2784.69
NfrombError = 72.6538
Ntail = 2.99455
NtailError = 3.00814
Nbkg = 32004.1
NbkgError = 220.083
