bias = -0.000245516
biasError = 0.000797223
sigma1 = 4.32312
sigma1Error = 0.582495
sigma2 = 0.947933
sigma2Error = 0.0126307
beta = 0.0338028
betaError = 0.00696259
tau = 1.77269
tauError = 0.0987868
Nprompt = 6207.77
NpromptError = 90.7734
Nfromb = 893.898
NfrombError = 42.7386
Ntail = 122.535
NtailError = 18.0224
Nbkg = 3769.32
NbkgError = 79.7094
