bias = -0.00292007
biasError = 0.00058803
sigma1 = 1.47038
sigma1Error = 0.479049
sigma2 = 0.902788
sigma2Error = 0.0941353
beta = 0.191685
betaError = 0.251196
tau = 1.4607
tauError = 0.0410493
Nprompt = 3029.53
NpromptError = 62.0214
Nfromb = 1688.33
NfrombError = 48.1146
Ntail = 1.20998e-05
NtailError = 1.67338
Nbkg = 1860.14
NbkgError = 56.8903
