bias = -0.00117323
biasError = 0.000513889
sigma1 = 1.65881
sigma1Error = 0.194291
sigma2 = 0.94328
sigma2Error = 0.0833883
beta = 0.390649
betaError = 0.154122
tau = 1.3704
tauError = 0.0271463
Nprompt = 6674.55
NpromptError = 101.909
Nfromb = 3576.35
NfrombError = 70.9037
Ntail = 5.4757e-09
NtailError = 1.73833
Nbkg = 8540.48
NbkgError = 114.851
