bias = -0.0081784
biasError = 0.000619348
sigma1 = 2.09511
sigma1Error = 0.174516
sigma2 = 0.869738
sigma2Error = 0.0165873
beta = 0.121886
betaError = 0.0229442
tau = 1.54979
tauError = 0.0888167
Nprompt = 11567.4
NpromptError = 125.443
Nfromb = 1014.45
NfrombError = 50.6177
Ntail = 255.499
NtailError = 23.0207
Nbkg = 11586.6
NbkgError = 129.635
