bias = -0.00394654
biasError = 0.000687918
sigma1 = 0.977418
sigma1Error = 0.0454145
sigma2 = 1.70422
sigma2Error = 0.279019
beta = 0.827862
betaError = 0.101438
tau = 1.46901
tauError = 0.0413761
Nprompt = 5153.92
NpromptError = 90.9658
Nfromb = 1938.94
NfrombError = 53.8605
Ntail = 2.45571
NtailError = 2.9892
Nbkg = 8347.83
NbkgError = 110.028
