bias = -0.00549229
biasError = 0.0016937
sigma1 = 1.71132
sigma1Error = 0.853986
sigma2 = 0.883827
sigma2Error = 0.113828
beta = 0.136157
betaError = 0.210279
tau = 1.75598
tauError = 0.121452
Nprompt = 384.563
NpromptError = 22.1253
Nfromb = 284.102
NfrombError = 18.8949
Ntail = 5.56014
NtailError = 3.65493
Nbkg = 218.738
NbkgError = 19.7872
