bias = -0.00200549
biasError = 0.000508257
sigma1 = 0.971283
sigma1Error = 0.0361866
sigma2 = 2.12401
sigma2Error = 0.385161
beta = 0.867397
betaError = 0.0565261
tau = 1.50072
tauError = 0.0326996
Nprompt = 5444.58
NpromptError = 85.6973
Nfromb = 3009.74
NfrombError = 64.9015
Ntail = 9.07251
NtailError = 5.10252
Nbkg = 4016.7
NbkgError = 81.2503
