bias = -0.0108076
biasError = 0.000799109
sigma1 = 1.19577
sigma1Error = 0.047522
sigma2 = 0.575013
sigma2Error = 0.0367729
beta = 0.517962
betaError = 0.06028
tau = 1.84904
tauError = 0.118645
Nprompt = 7241.45
NpromptError = 97.2465
Nfromb = 614.43
NfrombError = 37.0617
Ntail = 65.9434
NtailError = 12.0922
Nbkg = 6705.33
NbkgError = 97.8915
