bias = -0.000776291
biasError = 0.00077739
sigma1 = 1.87497
sigma1Error = 0.176595
sigma2 = 0.867165
sigma2Error = 0.0267054
beta = 0.199013
betaError = 0.0457361
tau = 1.57543
tauError = 0.0406384
Nprompt = 12578.8
NpromptError = 194.268
Nfromb = 3253.31
NfrombError = 87.4657
Ntail = 35.7146
NtailError = 11.2334
Nbkg = 67693.2
NbkgError = 310.57
