bias = -0.00621821
biasError = 0.000846816
sigma1 = 5.70697
sigma1Error = 1.07568
sigma2 = 0.957511
sigma2Error = 0.01746
beta = 0.0392874
betaError = 0.00858185
tau = 1.78371
tauError = 0.0831438
Nprompt = 3025.87
NpromptError = 62.0722
Nfromb = 757.008
NfrombError = 34.3024
Ntail = 27.6514
NtailError = 7.98134
Nbkg = 1522.55
NbkgError = 50.3371
