bias = -0.00368172
biasError = 0.00172205
sigma1 = 2.52744
sigma1Error = 1.54977
sigma2 = 0.999308
sigma2Error = 0.0421363
beta = 0.0220666
betaError = 0.0368999
tau = 1.89466
tauError = 0.165446
Nprompt = 653.336
NpromptError = 28.0086
Nfromb = 201.731
NfrombError = 17.023
Ntail = 2.53379
NtailError = 2.51369
Nbkg = 233.378
NbkgError = 21.3458
