bias = -0.00940531
biasError = 0.0012412
sigma1 = 1.3619
sigma1Error = 0.0769415
sigma2 = 0.672365
sigma2Error = 0.0652407
beta = 0.615342
betaError = 0.0873419
tau = 1.75786
tauError = 0.0560913
Nprompt = 10558.5
NpromptError = 251.071
Nfromb = 2737.08
NfrombError = 97.0512
Ntail = 33.4508
NtailError = 16.2668
Nbkg = 210295
NbkgError = 519
