bias = 0.00167248
biasError = 0.000555948
sigma1 = 1.80123
sigma1Error = 0.175028
sigma2 = 0.917166
sigma2Error = 0.0196339
beta = 0.137197
betaError = 0.0391111
tau = 1.63384
tauError = 0.0538141
Nprompt = 22187.9
NpromptError = 204.866
Nfromb = 2846.6
NfrombError = 93.6042
Ntail = 315.69
NtailError = 29.9711
Nbkg = 56340.7
NbkgError = 285.886
