bias = -0.00100499
biasError = 0.000507823
sigma1 = 2.66107
sigma1Error = 0.322142
sigma2 = 0.924384
sigma2Error = 0.0146111
beta = 0.0783384
betaError = 0.0161487
tau = 1.50231
tauError = 0.0372689
Nprompt = 11373.5
NpromptError = 138.014
Nfromb = 2750.67
NfrombError = 70.8975
Ntail = 4.77528
NtailError = 4.03376
Nbkg = 15313.4
NbkgError = 156.601
