bias = -0.00844295
biasError = 0.00114336
sigma1 = 1.13719
sigma1Error = 0.131707
sigma2 = 0.673759
sigma2Error = 0.115208
beta = 0.547402
betaError = 0.233633
tau = 1.68856
tauError = 0.0888889
Nprompt = 2037
NpromptError = 49.7456
Nfromb = 572.457
NfrombError = 28.6581
Ntail = 8.0078
NtailError = 4.50804
Nbkg = 1037.42
NbkgError = 40.3462
