bias = -0.00228757
biasError = 0.000463084
sigma1 = 0.95505
sigma1Error = 0.0272364
sigma2 = 2.18606
sigma2Error = 0.302187
beta = 0.877406
betaError = 0.0391655
tau = 1.45973
tauError = 0.0330645
Nprompt = 5272.96
NpromptError = 85.0993
Nfromb = 2661.54
NfrombError = 61.2228
Ntail = 11.0973
NtailError = 5.70112
Nbkg = 4084.83
NbkgError = 82.5295
