bias = -0.00139684
biasError = 0.000615752
sigma1 = 2.11641
sigma1Error = 0.427468
sigma2 = 0.887995
sigma2Error = 0.0365821
beta = 0.130291
betaError = 0.0547382
tau = 1.54718
tauError = 0.0490136
Nprompt = 3455.03
NpromptError = 69.8133
Nfromb = 1392.82
NfrombError = 45.953
Ntail = 2.34395
NtailError = 2.42141
Nbkg = 2229.78
NbkgError = 65.3719
