bias = -0.000387707
biasError = 0.00246813
sigma1 = 0.937779
sigma1Error = 0.0651618
sigma2 = 2.74334
sigma2Error = 1.5497
beta = 0.957987
betaError = 0.0502155
tau = 1.53184
tauError = 0.141794
Nprompt = 241.38
NpromptError = 19.0246
Nfromb = 161.591
NfrombError = 14.4425
Ntail = 1.98562
NtailError = 1.94078
Nbkg = 172.051
NbkgError = 18.3751
