bias = -0.00689615
biasError = 0.000150067
sigma1 = 1.99769
sigma1Error = 0.0414282
sigma2 = 0.984071
sigma2Error = 0.00540545
beta = 0.141826
betaError = 0.0087121
tau = 1.52455
tauError = 0.012678
Nprompt = 190539
NpromptError = 493.31
Nfromb = 25254.2
NfrombError = 196.114
Ntail = 737.153
NtailError = 43.6715
Nbkg = 119391
NbkgError = 417.031
