bias = -0.000780955
biasError = 0.000101497
sigma1 = 1.8973
sigma1Error = 0.0384871
sigma2 = 1.01282
sigma2Error = 0.0085572
beta = 0.208117
betaError = 0.0146899
tau = 1.30545
tauError = 0.00602945
Nprompt = 123788
NpromptError = 368.816
Nfromb = 56335.3
NfrombError = 259.716
Ntail = 47.4045
NtailError = 12.1494
Nbkg = 9538.5
NbkgError = 149.968
