bias = 0.0050781
biasError = 9.89303e-05
sigma1 = 2.05394
sigma1Error = 0.0365588
sigma2 = 0.963115
sigma2Error = 0.00274097
beta = 0.0884712
betaError = 0.00429299
tau = 1.32714
tauError = 0.0105629
Nprompt = 590541
NpromptError = 820.153
Nfromb = 41999.7
NfrombError = 276.071
Ntail = 14290.7
NtailError = 167.452
Nbkg = 81831.4
NbkgError = 398.479
