bias = 0.00451843
biasError = 0.000109813
sigma1 = 1.89285
sigma1Error = 0.0348774
sigma2 = 0.960511
sigma2Error = 0.00355722
beta = 0.113834
betaError = 0.00647351
tau = 1.42252
tauError = 0.0096734
Nprompt = 481098
NpromptError = 754.933
Nfromb = 47500.1
NfrombError = 280.863
Ntail = 6419.99
NtailError = 119.109
Nbkg = 111917
NbkgError = 447.158
