bias = -0.00853455
biasError = 9.39855e-05
sigma1 = 1.87914
sigma1Error = 0.041493
sigma2 = 0.994025
sigma2Error = 0.00491872
beta = 0.123525
betaError = 0.00925051
tau = 1.47144
tauError = 0.00718029
Nprompt = 334731
NpromptError = 626.339
Nfromb = 57449.3
NfrombError = 274.547
Ntail = 193.633
NtailError = 25.7096
Nbkg = 91838.4
NbkgError = 384.714
