bias = 0.000291385
biasError = 0.00012978
sigma1 = 1.88959
sigma1Error = 0.054158
sigma2 = 1.00775
sigma2Error = 0.0100672
beta = 0.172015
betaError = 0.0176102
tau = 1.30385
tauError = 0.0076565
Nprompt = 76947.8
NpromptError = 290.36
Nfromb = 35494.2
NfrombError = 206.024
Ntail = 87.6492
NtailError = 14.9375
Nbkg = 5579.73
NbkgError = 115.673
