bias = 0.000580531
biasError = 9.67479e-05
sigma1 = 1.70352
sigma1Error = 0.0296329
sigma2 = 0.939762
sigma2Error = 0.00443447
beta = 0.152346
betaError = 0.00948777
tau = 1.42724
tauError = 0.00731787
Nprompt = 421636
NpromptError = 700.943
Nfromb = 59100.7
NfrombError = 288.378
Ntail = 1007.91
NtailError = 51.9261
Nbkg = 73348.1
NbkgError = 377.669
