bias = -0.01067
biasError = 0.000145903
sigma1 = 2.00633
sigma1Error = 0.0708032
sigma2 = 1.04158
sigma2Error = 0.00844935
beta = 0.138576
betaError = 0.0152502
tau = 1.54908
tauError = 0.0120813
Nprompt = 198836
NpromptError = 494.133
Nfromb = 27435.7
NfrombError = 201.357
Ntail = 515.334
NtailError = 40.155
Nbkg = 92168.4
NbkgError = 369.862
