bias = -0.00126676
biasError = 0.000127016
sigma1 = 1.68826
sigma1Error = 0.0522626
sigma2 = 0.951662
sigma2Error = 0.00942243
beta = 0.168916
betaError = 0.0201785
tau = 1.34119
tauError = 0.0087466
Nprompt = 109434
NpromptError = 344.863
Nfromb = 30285.5
NfrombError = 192.321
Ntail = 146.65
NtailError = 20.5643
Nbkg = 7462.92
NbkgError = 129.795
