bias = -0.00610103
biasError = 0.000110973
sigma1 = 1.78319
sigma1Error = 0.0386351
sigma2 = 0.976285
sigma2Error = 0.007016
beta = 0.177225
betaError = 0.0137254
tau = 1.39139
tauError = 0.00795778
Nprompt = 182318
NpromptError = 455.408
Nfromb = 39483.1
NfrombError = 222.571
Ntail = 45.2278
NtailError = 12.1241
Nbkg = 30546.3
NbkgError = 234.291
