bias = 0.00431409
biasError = 0.00013459
sigma1 = 0.941838
sigma1Error = 0.00549733
sigma2 = 1.72158
sigma2Error = 0.0352781
beta = 0.837858
betaError = 0.0115966
tau = 1.45082
tauError = 0.0110733
Nprompt = 328006
NpromptError = 631.268
Nfromb = 36048.5
NfrombError = 242.639
Ntail = 3334.18
NtailError = 88.2233
Nbkg = 99089.1
NbkgError = 412.795
