bias = -0.00315398
biasError = 0.000147203
sigma1 = 2.1952
sigma1Error = 0.104447
sigma2 = 1.01296
sigma2Error = 0.0103348
beta = 0.109505
betaError = 0.014512
tau = 1.29072
tauError = 0.0107432
Nprompt = 47169.2
NpromptError = 227.198
Nfromb = 17360.9
NfrombError = 144.285
Ntail = 8.53406
NtailError = 5.09467
Nbkg = 3382.05
NbkgError = 90.5663
