bias = -0.00591348
biasError = 0.000109224
sigma1 = 1.79706
sigma1Error = 0.0441161
sigma2 = 0.968936
sigma2Error = 0.00734965
beta = 0.16983
betaError = 0.0142692
tau = 1.39077
tauError = 0.00883147
Nprompt = 160661
NpromptError = 428.301
Nfromb = 32214.4
NfrombError = 201.512
Ntail = 48.7467
NtailError = 12.2064
Nbkg = 27707.8
NbkgError = 223.818
