bias = -0.00396975
biasError = 0.000111683
sigma1 = 1.77199
sigma1Error = 0.0495685
sigma2 = 0.970805
sigma2Error = 0.00882946
beta = 0.171655
betaError = 0.0173458
tau = 1.33873
tauError = 0.00883974
Nprompt = 111179
NpromptError = 348.548
Nfromb = 28398.4
NfrombError = 185.688
Ntail = 48.8038
NtailError = 11.908
Nbkg = 8990.19
NbkgError = 139.603
