bias = -0.00759382
biasError = 0.000204511
sigma1 = 2.16966
sigma1Error = 0.0855848
sigma2 = 1.0272
sigma2Error = 0.00803408
beta = 0.114489
betaError = 0.0121969
tau = 1.54219
tauError = 0.0163922
Nprompt = 109697
NpromptError = 382.055
Nfromb = 15257.9
NfrombError = 153.806
Ntail = 272.017
NtailError = 29.1039
Nbkg = 85246.5
NbkgError = 349.403
