bias = -0.00711882
biasError = 0.000141188
sigma1 = 1.84498
sigma1Error = 0.0477997
sigma2 = 0.987092
sigma2Error = 0.00886943
beta = 0.184291
betaError = 0.0162837
tau = 1.3903
tauError = 0.0101368
Nprompt = 116711
NpromptError = 367.433
Nfromb = 24623.3
NfrombError = 176.659
Ntail = 30.7826
NtailError = 10.0429
Nbkg = 23456.6
NbkgError = 202.619
