bias = -0.00441981
biasError = 6.5669e-05
sigma1 = 1.76557
sigma1Error = 0.0310452
sigma2 = 0.941181
sigma2Error = 0.00337539
beta = 0.113517
betaError = 0.0068654
tau = 1.44924
tauError = 0.00629611
Nprompt = 644866
NpromptError = 849.055
Nfromb = 82882.4
NfrombError = 332.349
Ntail = 2588.29
NtailError = 80.7165
Nbkg = 88776.9
NbkgError = 404.338
