bias = -0.0033534
biasError = 8.36511e-05
sigma1 = 0.952909
sigma1Error = 0.00695765
sigma2 = 1.72017
sigma2Error = 0.0403934
beta = 0.835111
betaError = 0.0143775
tau = 1.34821
tauError = 0.00668339
Nprompt = 191913
NpromptError = 456.176
Nfromb = 50350.7
NfrombError = 246.556
Ntail = 90.6338
NtailError = 16.7106
Nbkg = 13383.9
NbkgError = 173.917
