bias = -0.000458497
biasError = 0.000140472
sigma1 = 1.70175
sigma1Error = 0.0652748
sigma2 = 0.956027
sigma2Error = 0.0113962
beta = 0.160884
betaError = 0.0240094
tau = 1.26145
tauError = 0.00955474
Nprompt = 65947.5
NpromptError = 270.893
Nfromb = 21118.9
NfrombError = 160.868
Ntail = 13.2305
NtailError = 7.4372
Nbkg = 4117.27
NbkgError = 115.333
