bias = 0.000119473
biasError = 0.000163707
sigma1 = 1.64726
sigma1Error = 0.0404151
sigma2 = 0.930183
sigma2Error = 0.00792432
beta = 0.19079
betaError = 0.0173956
tau = 1.44487
tauError = 0.0118416
Nprompt = 154082
NpromptError = 429.215
Nfromb = 22355
NfrombError = 177.196
Ntail = 234.339
NtailError = 26.059
Nbkg = 37415.9
NbkgError = 260.061
