bias = -0.0143075
biasError = 0.000253078
sigma1 = 2.41861
sigma1Error = 0.104259
sigma2 = 1.10718
sigma2Error = 0.00949009
beta = 0.11323
betaError = 0.0125201
tau = 1.56838
tauError = 0.0193325
Nprompt = 71013.9
NpromptError = 303.915
Nfromb = 10651
NfrombError = 127.003
Ntail = 116.792
NtailError = 19.5115
Nbkg = 52619.3
NbkgError = 272.417
