bias = -0.00423151
biasError = 8.91031e-05
sigma1 = 1.85669
sigma1Error = 0.037213
sigma2 = 0.941401
sigma2Error = 0.00371148
beta = 0.109634
betaError = 0.00688872
tau = 1.45409
tauError = 0.0109382
Nprompt = 515199
NpromptError = 766.041
Nfromb = 41872.4
NfrombError = 256.77
Ntail = 6724.65
NtailError = 123.512
Nbkg = 104257
NbkgError = 417.615
