bias = -0.0054372
biasError = 9.01964e-05
sigma1 = 1.70581
sigma1Error = 0.0321708
sigma2 = 0.95241
sigma2Error = 0.00619221
beta = 0.186078
betaError = 0.0129537
tau = 1.38904
tauError = 0.00657156
Nprompt = 268272
NpromptError = 549.781
Nfromb = 57824.3
NfrombError = 269.087
Ntail = 89.905
NtailError = 17.9074
Nbkg = 38956.2
NbkgError = 268.215
