bias = -0.000790499
biasError = 0.000114482
sigma1 = 1.76514
sigma1Error = 0.046729
sigma2 = 0.939857
sigma2Error = 0.00676363
beta = 0.142218
betaError = 0.0131047
tau = 1.32091
tauError = 0.00862236
Nprompt = 135723
NpromptError = 385.98
Nfromb = 30347.2
NfrombError = 195.378
Ntail = 101.197
NtailError = 18.0506
Nbkg = 7921.71
NbkgError = 148.737
