bias = -0.000920373
biasError = 0.000159329
sigma1 = 1.75173
sigma1Error = 0.0670458
sigma2 = 0.9529
sigma2Error = 0.0107385
beta = 0.15703
betaError = 0.0215571
tau = 1.31201
tauError = 0.0116712
Nprompt = 73364.7
NpromptError = 284.678
Nfromb = 16405.3
NfrombError = 143.69
Ntail = 45.1097
NtailError = 11.7673
Nbkg = 4516.33
NbkgError = 112.097
