bias = 0.000413987
biasError = 0.000122682
sigma1 = 1.69394
sigma1Error = 0.0312969
sigma2 = 0.928653
sigma2Error = 0.00539296
beta = 0.170845
betaError = 0.0112283
tau = 1.43329
tauError = 0.00904514
Nprompt = 264747
NpromptError = 558.046
Nfromb = 37697.3
NfrombError = 229.731
Ntail = 451
NtailError = 36.2235
Nbkg = 52573.7
NbkgError = 315.079
