bias = -0.00406566
biasError = 0.000168008
sigma1 = 1.9091
sigma1Error = 0.0586641
sigma2 = 1.01505
sigma2Error = 0.0117673
beta = 0.192847
betaError = 0.0203234
tau = 1.35071
tauError = 0.0116127
Nprompt = 64181.5
NpromptError = 267.393
Nfromb = 16981.3
NfrombError = 144.642
Ntail = 8.10298
NtailError = 5.2165
Nbkg = 6908.68
NbkgError = 118.818
