bias = -0.00655576
biasError = 0.000115301
sigma1 = 2.49668
sigma1Error = 0.0771999
sigma2 = 1.02943
sigma2Error = 0.00358179
beta = 0.0623124
betaError = 0.00435805
tau = 1.5597
tauError = 0.0107145
Nprompt = 314125
NpromptError = 625.842
Nfromb = 38968
NfrombError = 243.562
Ntail = 1439.03
NtailError = 63.1149
Nbkg = 158295
NbkgError = 485.894
