bias = -0.000456422
biasError = 0.000127482
sigma1 = 0.964358
sigma1Error = 0.00769554
sigma2 = 1.87069
sigma2Error = 0.0675825
beta = 0.889993
betaError = 0.0135814
tau = 1.25975
tauError = 0.00866399
Nprompt = 78041.7
NpromptError = 294.341
Nfromb = 25785.5
NfrombError = 177.829
Ntail = 35.7344
NtailError = 9.92488
Nbkg = 4869.06
NbkgError = 123.796
