bias = -0.00316011
biasError = 0.000134461
sigma1 = 2.04089
sigma1Error = 0.0582493
sigma2 = 1.01947
sigma2Error = 0.00760944
beta = 0.139743
betaError = 0.0121088
tau = 1.36011
tauError = 0.0093102
Nprompt = 96685.8
NpromptError = 327.391
Nfromb = 26600.9
NfrombError = 180.585
Ntail = 17.4604
NtailError = 7.45447
Nbkg = 9304.45
NbkgError = 138.932
