bias = -0.00518522
biasError = 8.98556e-05
sigma1 = 1.53567
sigma1Error = 0.0239626
sigma2 = 0.879056
sigma2Error = 0.00501367
beta = 0.190865
betaError = 0.0117653
tau = 1.47469
tauError = 0.00790533
Nprompt = 377385
NpromptError = 646.942
Nfromb = 51696.3
NfrombError = 260.057
Ntail = 958.888
NtailError = 51.3192
Nbkg = 48462
NbkgError = 297.241
