bias = -0.000741581
biasError = 9.6926e-05
sigma1 = 0.941328
sigma1Error = 0.00517675
sigma2 = 1.74329
sigma2Error = 0.0336117
beta = 0.84842
betaError = 0.0103354
tau = 1.36042
tauError = 0.00727962
Nprompt = 270598
NpromptError = 549.84
Nfromb = 48043
NfrombError = 250.216
Ntail = 302.608
NtailError = 30.4977
Nbkg = 23490.7
NbkgError = 234.724
