bias = -0.00124029
biasError = 0.000127818
sigma1 = 1.97909
sigma1Error = 0.0513906
sigma2 = 1.04816
sigma2Error = 0.0114441
beta = 0.209556
betaError = 0.0186882
tau = 1.29946
tauError = 0.00769133
Nprompt = 79854.2
NpromptError = 296.424
Nfromb = 34339.9
NfrombError = 202.891
Ntail = 15.2913
NtailError = 6.78151
Nbkg = 6201.65
NbkgError = 121.141
