bias = -0.00278446
biasError = 0.000110309
sigma1 = 1.8294
sigma1Error = 0.040386
sigma2 = 0.979108
sigma2Error = 0.00767019
beta = 0.185413
betaError = 0.0140948
tau = 1.34463
tauError = 0.00761572
Nprompt = 140456
NpromptError = 393.149
Nfromb = 38789.9
NfrombError = 217.577
Ntail = 28.6503
NtailError = 10.2443
Nbkg = 12319.4
NbkgError = 161.102
