bias = 0.00133123
biasError = 8.29733e-05
sigma1 = 1.8003
sigma1Error = 0.029734
sigma2 = 0.939051
sigma2Error = 0.0033671
beta = 0.117843
betaError = 0.00647954
tau = 1.38675
tauError = 0.00726628
Nprompt = 561239
NpromptError = 792.029
Nfromb = 63019.2
NfrombError = 300.386
Ntail = 3872.25
NtailError = 93.4456
Nbkg = 54068.2
NbkgError = 343.478
