bias = -0.0092023
biasError = 0.000122219
sigma1 = 2.14173
sigma1Error = 0.0431456
sigma2 = 1.0135
sigma2Error = 0.00408015
beta = 0.106561
betaError = 0.00600636
tau = 1.51614
tauError = 0.0108325
Nprompt = 278156
NpromptError = 572.43
Nfromb = 34292.3
NfrombError = 224.36
Ntail = 1070.85
NtailError = 53.4865
Nbkg = 91219
NbkgError = 374.542
