bias = -0.00245492
biasError = 0.000119034
sigma1 = 1.7155
sigma1Error = 0.0485398
sigma2 = 0.943876
sigma2Error = 0.0121338
beta = 0.226103
betaError = 0.0234738
tau = 1.28357
tauError = 0.00850983
Nprompt = 71172.5
NpromptError = 278.327
Nfromb = 27188.9
NfrombError = 179.528
Ntail = 12.1711
NtailError = 6.02541
Nbkg = 4777.49
NbkgError = 108.404
