bias = 0.00337661
biasError = 0.000240355
sigma1 = 1.81073
sigma1Error = 0.0507252
sigma2 = 0.941114
sigma2Error = 0.00809672
beta = 0.167117
betaError = 0.0150205
tau = 1.46182
tauError = 0.0174911
Nprompt = 109311
NpromptError = 373.735
Nfromb = 13636
NfrombError = 149.449
Ntail = 739.338
NtailError = 42.5395
Nbkg = 48498.1
NbkgError = 281.472
