bias = -0.000768693
biasError = 0.000158734
sigma1 = 0.951809
sigma1Error = 0.00813646
sigma2 = 1.79147
sigma2Error = 0.0540253
beta = 0.845739
betaError = 0.0156563
tau = 1.3748
tauError = 0.011697
Nprompt = 106404
NpromptError = 347.569
Nfromb = 18808.6
NfrombError = 157.417
Ntail = 81.3937
NtailError = 16.1036
Nbkg = 11512.3
NbkgError = 161.057
