bias = 0.000915581
biasError = 8.22913e-05
sigma1 = 1.60534
sigma1Error = 0.0247421
sigma2 = 0.927144
sigma2Error = 0.0043466
beta = 0.168779
betaError = 0.0102616
tau = 1.40416
tauError = 0.00639981
Nprompt = 566587
NpromptError = 805.054
Nfromb = 76129.9
NfrombError = 325.758
Ntail = 1942.3
NtailError = 70.0606
Nbkg = 80187.5
NbkgError = 401.467
