bias = -0.0016419
biasError = 0.000113085
sigma1 = 0.958694
sigma1Error = 0.0106622
sigma2 = 1.77753
sigma2Error = 0.0738089
beta = 0.861508
betaError = 0.0210011
tau = 1.2903
tauError = 0.007947
Nprompt = 77274
NpromptError = 289.624
Nfromb = 31755.1
NfrombError = 193.672
Ntail = 91.607
NtailError = 15.2745
Nbkg = 5164.18
NbkgError = 111.985
