bias = -0.00538586
biasError = 8.57811e-05
sigma1 = 1.7939
sigma1Error = 0.0365795
sigma2 = 0.96694
sigma2Error = 0.00568943
beta = 0.157886
betaError = 0.0111283
tau = 1.38561
tauError = 0.00696489
Nprompt = 255904
NpromptError = 537.553
Nfromb = 51513.7
NfrombError = 254.169
Ntail = 110.301
NtailError = 20.5006
Nbkg = 37910.6
NbkgError = 266.143
