bias = -0.00972969
biasError = 0.000118109
sigma1 = 2.09161
sigma1Error = 0.0584355
sigma2 = 1.02233
sigma2Error = 0.00534839
beta = 0.1042
betaError = 0.00852875
tau = 1.47511
tauError = 0.00882263
Nprompt = 217092
NpromptError = 509.742
Nfromb = 38378.2
NfrombError = 225.434
Ntail = 94.1783
NtailError = 18.2249
Nbkg = 73205.2
NbkgError = 338.649
