bias = -0.00454796
biasError = 0.00014068
sigma1 = 1.83293
sigma1Error = 0.0562979
sigma2 = 0.968584
sigma2Error = 0.00993814
beta = 0.174408
betaError = 0.0180639
tau = 1.30849
tauError = 0.0108754
Nprompt = 70942
NpromptError = 279.456
Nfromb = 17884.3
NfrombError = 147.672
Ntail = 9.37807
NtailError = 5.38883
Nbkg = 6237.75
NbkgError = 115.842
