bias = -0.0021718
biasError = 9.14062e-05
sigma1 = 1.73107
sigma1Error = 0.0496195
sigma2 = 0.954944
sigma2Error = 0.00919559
beta = 0.176419
betaError = 0.0186551
tau = 1.29399
tauError = 0.0064839
Nprompt = 117346
NpromptError = 357.4
Nfromb = 47524.4
NfrombError = 236.904
Ntail = 51.0386
NtailError = 12.4144
Nbkg = 7800.04
NbkgError = 140.018
