bias = -0.00614604
biasError = 0.000116794
sigma1 = 0.834759
sigma1Error = 0.00615417
sigma2 = 1.48223
sigma2Error = 0.0199486
beta = 0.733326
betaError = 0.0136181
tau = 1.52628
tauError = 0.0135052
Nprompt = 309519
NpromptError = 588.264
Nfromb = 26591.6
NfrombError = 198.97
Ntail = 2438.58
NtailError = 77.0008
Nbkg = 55401.8
NbkgError = 303.496
