bias = -0.00432397
biasError = 6.21385e-05
sigma1 = 1.73178
sigma1Error = 0.0305848
sigma2 = 0.957308
sigma2Error = 0.00440691
beta = 0.14571
betaError = 0.00934173
tau = 1.37939
tauError = 0.00517301
Nprompt = 472793
NpromptError = 723.771
Nfromb = 93587
NfrombError = 341.428
Ntail = 417.037
NtailError = 35.6726
Nbkg = 51281.1
NbkgError = 318.771
