bias = -0.000882022
biasError = 0.000106593
sigma1 = 2.10552
sigma1Error = 0.0486005
sigma2 = 1.05551
sigma2Error = 0.00783766
beta = 0.161469
betaError = 0.0118168
tau = 1.30465
tauError = 0.00642446
Nprompt = 112643
NpromptError = 351.94
Nfromb = 49623.9
NfrombError = 244.085
Ntail = 20.6589
NtailError = 8.55254
Nbkg = 8546.45
NbkgError = 142.195
