bias = -0.000577652
biasError = 8.50369e-05
sigma1 = 0.931553
sigma1Error = 0.00484842
sigma2 = 1.68569
sigma2Error = 0.0289899
beta = 0.838123
betaError = 0.0102362
tau = 1.35593
tauError = 0.00651938
Nprompt = 345747
NpromptError = 618.654
Nfromb = 59835.3
NfrombError = 278.89
Ntail = 502.499
NtailError = 37.818
Nbkg = 26232
NbkgError = 251.878
