bias = -0.00107656
biasError = 0.000121055
sigma1 = 1.74075
sigma1Error = 0.0352626
sigma2 = 0.936135
sigma2Error = 0.00605734
beta = 0.167328
betaError = 0.0118236
tau = 1.37205
tauError = 0.00904189
Nprompt = 176201
NpromptError = 444.822
Nfromb = 31057.9
NfrombError = 202.119
Ntail = 106.534
NtailError = 18.2161
Nbkg = 16917.7
NbkgError = 197.028
