bias = -0.0022853
biasError = 9.79395e-05
sigma1 = 1.63293
sigma1Error = 0.0492974
sigma2 = 0.94211
sigma2Error = 0.0126212
beta = 0.229276
betaError = 0.0275083
tau = 1.28611
tauError = 0.00695007
Nprompt = 103268
NpromptError = 335.212
Nfromb = 40690.6
NfrombError = 219.247
Ntail = 31.3044
NtailError = 10.1659
Nbkg = 6969.32
NbkgError = 130.935
