bias = -0.000750523
biasError = 0.000217417
sigma1 = 2.21537
sigma1Error = 0.132296
sigma2 = 0.990126
sigma2Error = 0.0110101
beta = 0.0860625
betaError = 0.0145514
tau = 1.25214
tauError = 0.0152028
Nprompt = 28123.2
NpromptError = 177.573
Nfromb = 8387.15
NfrombError = 102.069
Ntail = 9.84732
NtailError = 5.21005
Nbkg = 1743.84
NbkgError = 75.8468
