bias = -0.00747579
biasError = 8.29747e-05
sigma1 = 1.77261
sigma1Error = 0.037323
sigma2 = 0.96546
sigma2Error = 0.00475824
beta = 0.13157
betaError = 0.00983941
tau = 1.46867
tauError = 0.00657034
Nprompt = 427739
NpromptError = 700.333
Nfromb = 69606.7
NfrombError = 301.512
Ntail = 391.309
NtailError = 36.6414
Nbkg = 88222.3
NbkgError = 386.261
