bias = -0.00549793
biasError = 6.24514e-05
sigma1 = 1.86554
sigma1Error = 0.0330469
sigma2 = 0.968475
sigma2Error = 0.00314334
beta = 0.102767
betaError = 0.00595647
tau = 1.46059
tauError = 0.00536867
Nprompt = 695928
NpromptError = 897.393
Nfromb = 106320
NfrombError = 375.064
Ntail = 1053.38
NtailError = 54.9357
Nbkg = 153358
NbkgError = 511.554
