bias = -0.0122122
biasError = 0.000189023
sigma1 = 2.49161
sigma1Error = 0.110507
sigma2 = 1.0905
sigma2Error = 0.00783989
beta = 0.0961947
betaError = 0.0101342
tau = 1.54877
tauError = 0.014986
Nprompt = 122147
NpromptError = 393.54
Nfromb = 17696.4
NfrombError = 163.741
Ntail = 231.859
NtailError = 27.7415
Nbkg = 71264.7
NbkgError = 321.246
