bias = -0.00172364
biasError = 0.000157992
sigma1 = 2.03218
sigma1Error = 0.0552434
sigma2 = 1.04299
sigma2Error = 0.0130197
beta = 0.227656
betaError = 0.0197939
tau = 1.30981
tauError = 0.00959046
Nprompt = 53433.4
NpromptError = 242.748
Nfromb = 22410.9
NfrombError = 164.15
Ntail = 1.49391
NtailError = 5.41051
Nbkg = 4486.07
NbkgError = 100.842
