bias = -0.00369426
biasError = 7.06312e-05
sigma1 = 1.79126
sigma1Error = 0.0330041
sigma2 = 0.95442
sigma2Error = 0.0038971
beta = 0.117373
betaError = 0.00755897
tau = 1.38273
tauError = 0.0061759
Nprompt = 376004
NpromptError = 639.854
Nfromb = 69166
NfrombError = 294.156
Ntail = 973.58
NtailError = 49.8012
Nbkg = 30102.1
NbkgError = 251.566
