bias = -0.00469267
biasError = 8.2065e-05
sigma1 = 1.69083
sigma1Error = 0.0310049
sigma2 = 0.945234
sigma2Error = 0.00535871
beta = 0.166036
betaError = 0.0114252
tau = 1.39253
tauError = 0.00599828
Nprompt = 322699
NpromptError = 599.311
Nfromb = 69623.3
NfrombError = 294.472
Ntail = 151.475
NtailError = 22.5947
Nbkg = 37782.2
NbkgError = 270.883
