bias = -0.000206356
biasError = 0.000152102
sigma1 = 1.68418
sigma1Error = 0.0626502
sigma2 = 0.930947
sigma2Error = 0.0113004
beta = 0.164029
betaError = 0.0231896
tau = 1.26795
tauError = 0.0103076
Nprompt = 54756.4
NpromptError = 246.333
Nfromb = 18896.5
NfrombError = 151.922
Ntail = 88.5145
NtailError = 14.5161
Nbkg = 3279.73
NbkgError = 103.151
