bias = -0.0049479
biasError = 6.90707e-05
sigma1 = 1.81504
sigma1Error = 0.0309363
sigma2 = 0.966314
sigma2Error = 0.00425116
beta = 0.140714
betaError = 0.00816285
tau = 1.38362
tauError = 0.00571128
Nprompt = 386468
NpromptError = 657.309
Nfromb = 77424.9
NfrombError = 311.799
Ntail = 271.363
NtailError = 29.6764
Nbkg = 49398.8
NbkgError = 307.842
