bias = -0.00266244
biasError = 9.95841e-05
sigma1 = 1.68662
sigma1Error = 0.0449557
sigma2 = 0.939312
sigma2Error = 0.00763637
beta = 0.158911
betaError = 0.0160814
tau = 1.33907
tauError = 0.00807181
Nprompt = 137785
NpromptError = 384.747
Nfromb = 35322.8
NfrombError = 206.355
Ntail = 254.614
NtailError = 25.8469
Nbkg = 8042.93
NbkgError = 136.517
