bias = -0.00234201
biasError = 0.000103137
sigma1 = 1.7895
sigma1Error = 0.0427425
sigma2 = 0.977606
sigma2Error = 0.00748383
beta = 0.169889
betaError = 0.0146097
tau = 1.33369
tauError = 0.00698314
Nprompt = 161398
NpromptError = 420.303
Nfromb = 45474.5
NfrombError = 235.288
Ntail = 46.1362
NtailError = 12.291
Nbkg = 12168.5
NbkgError = 163.995
