bias = -0.000561053
biasError = 0.000128011
sigma1 = 1.80924
sigma1Error = 0.056628
sigma2 = 0.958567
sigma2Error = 0.00747521
beta = 0.132743
betaError = 0.0142416
tau = 1.32604
tauError = 0.00944788
Nprompt = 111639
NpromptError = 350.84
Nfromb = 25165.3
NfrombError = 177.974
Ntail = 49.8271
NtailError = 12.7844
Nbkg = 6876.2
NbkgError = 137.772
