bias = -0.00710874
biasError = 0.000119625
sigma1 = 1.77659
sigma1Error = 0.0506859
sigma2 = 0.97246
sigma2Error = 0.007739
beta = 0.162084
betaError = 0.0160281
tau = 1.46882
tauError = 0.009513
Nprompt = 206277
NpromptError = 505.03
Nfromb = 33919.7
NfrombError = 214.298
Ntail = 142.468
NtailError = 22.1226
Nbkg = 87045.7
NbkgError = 368.164
