bias = -0.00126912
biasError = 0.000203106
sigma1 = 1.86131
sigma1Error = 0.0871599
sigma2 = 0.965022
sigma2Error = 0.0115721
beta = 0.131599
betaError = 0.0207416
tau = 1.30576
tauError = 0.0146998
Nprompt = 45867.2
NpromptError = 225.412
Nfromb = 10097.8
NfrombError = 112.627
Ntail = 11.6101
NtailError = 6.77666
Nbkg = 3168.73
NbkgError = 91.1882
