bias = -0.000369472
biasError = 9.26865e-05
sigma1 = 0.936149
sigma1Error = 0.00435419
sigma2 = 1.76266
sigma2Error = 0.0325473
beta = 0.869482
betaError = 0.00842536
tau = 1.33938
tauError = 0.00749194
Nprompt = 291633
NpromptError = 565.442
Nfromb = 47072.6
NfrombError = 248.588
Ntail = 1095.6
NtailError = 51.0724
Nbkg = 18309.1
NbkgError = 215.11
