bias = -0.000339038
biasError = 0.000131234
sigma1 = 1.81397
sigma1Error = 0.0606804
sigma2 = 0.953232
sigma2Error = 0.00696033
beta = 0.11161
betaError = 0.0130118
tau = 1.29287
tauError = 0.00979206
Nprompt = 103969
NpromptError = 337.388
Nfromb = 23286.5
NfrombError = 171.025
Ntail = 240.387
NtailError = 24.6639
Nbkg = 5377.7
NbkgError = 125.766
