bias = -0.0110309
biasError = 0.000153218
sigma1 = 1.83175
sigma1Error = 0.0568111
sigma2 = 1.00145
sigma2Error = 0.010192
beta = 0.183221
betaError = 0.0198421
tau = 1.49212
tauError = 0.0112221
Nprompt = 133850
NpromptError = 404.788
Nfromb = 24202.8
NfrombError = 179.429
Ntail = 34.3561
NtailError = 12.3076
Nbkg = 56428.2
NbkgError = 293.089
