bias = -0.000233428
biasError = 0.000170873
sigma1 = 0.967033
sigma1Error = 0.0122702
sigma2 = 1.92744
sigma2Error = 0.0971052
beta = 0.870447
betaError = 0.0207988
tau = 1.2997
tauError = 0.0122604
Nprompt = 44885
NpromptError = 223.235
Nfromb = 13735.9
NfrombError = 129.976
Ntail = 1.1262
NtailError = 3.51799
Nbkg = 2587.93
NbkgError = 92.5533
