bias = -0.00301425
biasError = 9.63113e-05
sigma1 = 1.63479
sigma1Error = 0.0335828
sigma2 = 0.917029
sigma2Error = 0.00555417
beta = 0.153852
betaError = 0.012191
tau = 1.39854
tauError = 0.00735892
Nprompt = 243389
NpromptError = 515.838
Nfromb = 48187.4
NfrombError = 245.157
Ntail = 322.088
NtailError = 30.7168
Nbkg = 20844.4
NbkgError = 207.188
