bias = 0.00403981
biasError = 0.000177387
sigma1 = 1.9587
sigma1Error = 0.0388715
sigma2 = 0.954672
sigma2Error = 0.00476423
beta = 0.131821
betaError = 0.00770093
tau = 1.4782
tauError = 0.0138542
Nprompt = 194559
NpromptError = 490.796
Nfromb = 22348.5
NfrombError = 190.876
Ntail = 1465.18
NtailError = 58.2389
Nbkg = 70346.4
NbkgError = 342.803
