bias = -0.00619173
biasError = 7.20939e-05
sigma1 = 1.79819
sigma1Error = 0.0329463
sigma2 = 0.967161
sigma2Error = 0.00406726
beta = 0.130864
betaError = 0.00821792
tau = 1.47568
tauError = 0.00601204
Nprompt = 533487
NpromptError = 794.52
Nfromb = 84960.6
NfrombError = 335.995
Ntail = 521.464
NtailError = 40.2609
Nbkg = 153259
NbkgError = 500.811
