bias = -0.0064968
biasError = 9.11821e-05
sigma1 = 1.69839
sigma1Error = 0.0353631
sigma2 = 0.955426
sigma2Error = 0.00605401
beta = 0.172555
betaError = 0.0132655
tau = 1.46438
tauError = 0.00735605
Nprompt = 340459
NpromptError = 640.529
Nfromb = 55808
NfrombError = 272.391
Ntail = 274.969
NtailError = 31.2371
Nbkg = 116950
NbkgError = 432.302
