bias = -0.00571063
biasError = 9.52651e-05
sigma1 = 2.18977
sigma1Error = 0.0548123
sigma2 = 1.00329
sigma2Error = 0.00348981
beta = 0.0796805
betaError = 0.00518806
tau = 1.52827
tauError = 0.00955309
Nprompt = 447660
NpromptError = 733.425
Nfromb = 49956.5
NfrombError = 275.775
Ntail = 2903.74
NtailError = 87.19
Nbkg = 162574
NbkgError = 502.217
