bias = -0.00366933
biasError = 9.14276e-05
sigma1 = 1.74913
sigma1Error = 0.0404628
sigma2 = 0.96017
sigma2Error = 0.00706191
beta = 0.167724
betaError = 0.0141032
tau = 1.33453
tauError = 0.00726145
Nprompt = 162751
NpromptError = 421.157
Nfromb = 41949.7
NfrombError = 225.335
Ntail = 70.1229
NtailError = 15.7465
Nbkg = 12632.1
NbkgError = 166.55
