bias = -0.00255912
biasError = 0.000110632
sigma1 = 1.51985
sigma1Error = 0.0593505
sigma2 = 0.918696
sigma2Error = 0.0149315
beta = 0.212117
betaError = 0.0372603
tau = 1.36568
tauError = 0.00803452
Nprompt = 77792.2
NpromptError = 289.281
Nfromb = 34146.8
NfrombError = 199.294
Ntail = 60.0705
NtailError = 12.3011
Nbkg = 4673.88
NbkgError = 108.193
