bias = -0.00241324
biasError = 8.8564e-05
sigma1 = 2.00909
sigma1Error = 0.033683
sigma2 = 1.01605
sigma2Error = 0.005574
beta = 0.172259
betaError = 0.00894106
tau = 1.28936
tauError = 0.00596849
Nprompt = 230539
NpromptError = 508.523
Nfromb = 59072.7
NfrombError = 271.505
Ntail = 28.5189
NtailError = 10.759
Nbkg = 25972.8
NbkgError = 228.271
