bias = -0.00282032
biasError = 9.35821e-05
sigma1 = 1.69532
sigma1Error = 0.0344664
sigma2 = 0.964064
sigma2Error = 0.00713116
beta = 0.190769
betaError = 0.0150373
tau = 1.36667
tauError = 0.00646623
Nprompt = 193339
NpromptError = 458.564
Nfromb = 55244.6
NfrombError = 258.504
Ntail = 53.9352
NtailError = 13.5672
Nbkg = 13246.2
NbkgError = 172.95
