bias = 0.000688139
biasError = 8.40075e-05
sigma1 = 1.70984
sigma1Error = 0.0263741
sigma2 = 0.946699
sigma2Error = 0.00417702
beta = 0.164038
betaError = 0.00898769
tau = 1.37068
tauError = 0.0058117
Nprompt = 580117
NpromptError = 840.832
Nfromb = 84063.3
NfrombError = 347.264
Ntail = 514.659
NtailError = 43.3059
Nbkg = 156867
NbkgError = 530.518
