bias = -0.00590092
biasError = 0.000104431
sigma1 = 2.18622
sigma1Error = 0.0559431
sigma2 = 1.01192
sigma2Error = 0.00396703
beta = 0.0883112
betaError = 0.00596814
tau = 1.50659
tauError = 0.00903341
Nprompt = 385772
NpromptError = 696.606
Nfromb = 49526.4
NfrombError = 275.007
Ntail = 1209.2
NtailError = 60.2295
Nbkg = 206884
NbkgError = 554.08
