bias = 0.00334113
biasError = 0.000145495
sigma1 = 1.73635
sigma1Error = 0.0384672
sigma2 = 0.929174
sigma2Error = 0.0048965
beta = 0.128931
betaError = 0.0098751
tau = 1.55283
tauError = 0.0235359
Nprompt = 266394
NpromptError = 534.438
Nfromb = 14489.4
NfrombError = 171.144
Ntail = 12319.6
NtailError = 153.224
Nbkg = 12687.7
NbkgError = 175.528
