bias = -0.0080242
biasError = 8.41795e-05
sigma1 = 1.87033
sigma1Error = 0.0360494
sigma2 = 0.990839
sigma2Error = 0.0044691
beta = 0.130392
betaError = 0.00846217
tau = 1.46154
tauError = 0.00639907
Nprompt = 420327
NpromptError = 702.428
Nfromb = 71688.6
NfrombError = 307.647
Ntail = 164.807
NtailError = 25.0161
Nbkg = 114745
NbkgError = 430.922
