bias = -0.000660371
biasError = 0.000116095
sigma1 = 1.77913
sigma1Error = 0.0610018
sigma2 = 0.958138
sigma2Error = 0.00857489
beta = 0.133119
betaError = 0.0166659
tau = 1.2479
tauError = 0.00793648
Nprompt = 92049.7
NpromptError = 319.788
Nfromb = 29821.9
NfrombError = 190.943
Ntail = 2.35056e-05
NtailError = 2.62245
Nbkg = 5619.03
NbkgError = 134.575
