bias = -0.00371557
biasError = 0.000314779
sigma1 = 1.46038
sigma1Error = 0.213952
sigma2 = 0.924559
sigma2Error = 0.0461021
beta = 0.172475
betaError = 0.129017
tau = 1.56716
tauError = 0.0241249
Nprompt = 10093.2
NpromptError = 104.021
Nfromb = 5179.28
NfrombError = 77.2424
Ntail = 73.5929
NtailError = 12.0221
Nbkg = 612.838
NbkgError = 39.3534
