bias = -0.00465949
biasError = 0.000289602
sigma1 = 1.39481
sigma1Error = 0.0840528
sigma2 = 0.878283
sigma2Error = 0.0283473
beta = 0.251298
betaError = 0.0760705
tau = 1.57094
tauError = 0.0207577
Nprompt = 21872.8
NpromptError = 152.761
Nfromb = 7268.33
NfrombError = 92.9207
Ntail = 88.4364
NtailError = 13.7444
Nbkg = 1193.71
NbkgError = 53.8632
