bias = -0.00614048
biasError = 8.32959e-05
sigma1 = 2.17747
sigma1Error = 0.0519434
sigma2 = 0.988908
sigma2Error = 0.0027616
beta = 0.0623849
betaError = 0.00398943
tau = 1.55459
tauError = 0.00962901
Nprompt = 562657
NpromptError = 792.505
Nfromb = 51736.8
NfrombError = 276.343
Ntail = 4158.79
NtailError = 101.621
Nbkg = 87466.7
NbkgError = 389.778
