bias = -0.00958443
biasError = 0.000133573
sigma1 = 2.33511
sigma1Error = 0.0756285
sigma2 = 1.06313
sigma2Error = 0.0054729
beta = 0.0950264
betaError = 0.00772946
tau = 1.52285
tauError = 0.0107204
Nprompt = 238655
NpromptError = 544.144
Nfromb = 33479.3
NfrombError = 224.21
Ntail = 434.412
NtailError = 38.982
Nbkg = 117371
NbkgError = 416.19
