bias = -0.00279269
biasError = 9.71571e-05
sigma1 = 1.93666
sigma1Error = 0.039825
sigma2 = 0.997839
sigma2Error = 0.00590004
beta = 0.149106
betaError = 0.0100327
tau = 1.31437
tauError = 0.00654585
Nprompt = 181369
NpromptError = 446.483
Nfromb = 50242.8
NfrombError = 248.288
Ntail = 28.7191
NtailError = 10.3782
Nbkg = 15143.8
NbkgError = 180.458
