bias = -0.00686101
biasError = 0.000131957
sigma1 = 0.827003
sigma1Error = 0.00765461
sigma2 = 1.41451
sigma2Error = 0.0229118
beta = 0.732406
betaError = 0.0182047
tau = 1.66847
tauError = 0.0223788
Nprompt = 234627
NpromptError = 498.643
Nfromb = 15125.2
NfrombError = 156.966
Ntail = 5663.06
NtailError = 108.804
Nbkg = 13642.2
NbkgError = 166.887
