bias = 0.00462307
biasError = 0.000128654
sigma1 = 1.87025
sigma1Error = 0.0347346
sigma2 = 0.957106
sigma2Error = 0.00461973
beta = 0.151737
betaError = 0.00857101
tau = 1.46113
tauError = 0.00940106
Nprompt = 388770
NpromptError = 715.653
Nfromb = 47620.8
NfrombError = 282.385
Ntail = 1558.85
NtailError = 68.4616
Nbkg = 207255
NbkgError = 575.671
