bias = -0.00108985
biasError = 9.2913e-05
sigma1 = 1.88612
sigma1Error = 0.0396018
sigma2 = 1.01601
sigma2Error = 0.00802467
beta = 0.191577
betaError = 0.014263
tau = 1.32047
tauError = 0.00557172
Nprompt = 145757
NpromptError = 399.351
Nfromb = 67112.1
NfrombError = 282.787
Ntail = 30.6895
NtailError = 9.77918
Nbkg = 10639.4
NbkgError = 158.851
