bias = -0.00186515
biasError = 7.39974e-05
sigma1 = 1.80189
sigma1Error = 0.0350355
sigma2 = 0.966599
sigma2Error = 0.0073282
beta = 0.204082
betaError = 0.0136207
tau = 1.22797
tauError = 0.00515566
Nprompt = 187903
NpromptError = 454.061
Nfromb = 68228.8
NfrombError = 286.248
Ntail = 19.7469
NtailError = 9.55246
Nbkg = 13797.2
NbkgError = 181.72
