bias = -0.00102539
biasError = 0.000100027
sigma1 = 1.87255
sigma1Error = 0.0471397
sigma2 = 0.969539
sigma2Error = 0.00603838
beta = 0.133926
betaError = 0.0109777
tau = 1.25295
tauError = 0.00711041
Nprompt = 183948
NpromptError = 453.005
Nfromb = 39857.1
NfrombError = 225.6
Ntail = 30.6958
NtailError = 11.9566
Nbkg = 13048.8
NbkgError = 186.419
