bias = -0.00551892
biasError = 8.7307e-05
sigma1 = 1.62499
sigma1Error = 0.0324301
sigma2 = 0.926597
sigma2Error = 0.00517349
beta = 0.144165
betaError = 0.0116542
tau = 1.46232
tauError = 0.00675195
Nprompt = 287387
NpromptError = 556.828
Nfromb = 60089.5
NfrombError = 271.305
Ntail = 189.836
NtailError = 24.3371
Nbkg = 19610.4
NbkgError = 206.18
