bias = -0.00106063
biasError = 7.58975e-05
sigma1 = 0.938536
sigma1Error = 0.0038678
sigma2 = 1.72867
sigma2Error = 0.0265885
beta = 0.859877
betaError = 0.00779708
tau = 1.37543
tauError = 0.00591245
Nprompt = 421786
NpromptError = 680.89
Nfromb = 72942
NfrombError = 306.724
Ntail = 398.833
NtailError = 34.9157
Nbkg = 28900.1
NbkgError = 266.847
