bias = -0.00530625
biasError = 7.45097e-05
sigma1 = 1.63735
sigma1Error = 0.0256262
sigma2 = 0.939542
sigma2Error = 0.0050158
beta = 0.179488
betaError = 0.0111652
tau = 1.39818
tauError = 0.00545623
Nprompt = 388598
NpromptError = 654.139
Nfromb = 83643
NfrombError = 322.017
Ntail = 117.584
NtailError = 20.6988
Nbkg = 39001.6
NbkgError = 279.233
