bias = -0.000948832
biasError = 0.00010222
sigma1 = 1.77679
sigma1Error = 0.0434895
sigma2 = 0.947503
sigma2Error = 0.00559407
beta = 0.122236
betaError = 0.0106954
tau = 1.34413
tauError = 0.00787569
Nprompt = 164874
NpromptError = 423.905
Nfromb = 36869.2
NfrombError = 214.159
Ntail = 76.3155
NtailError = 15.2534
Nbkg = 8721.23
NbkgError = 157.846
