bias = -0.00891414
biasError = 0.000141875
sigma1 = 2.69563
sigma1Error = 0.0782045
sigma2 = 1.10734
sigma2Error = 0.0052436
beta = 0.0972058
betaError = 0.00603292
tau = 1.52005
tauError = 0.0108554
Nprompt = 234954
NpromptError = 563.188
Nfromb = 33254.2
NfrombError = 230.557
Ntail = 296.421
NtailError = 33.8934
Nbkg = 204153
NbkgError = 533.614
