bias = -0.00185139
biasError = 0.000195748
sigma1 = 2.00345
sigma1Error = 0.093766
sigma2 = 0.947314
sigma2Error = 0.00687446
beta = 0.072744
betaError = 0.0104141
tau = 1.55946
tauError = 0.0185737
Nprompt = 64266
NpromptError = 262.134
Nfromb = 10779.6
NfrombError = 118.473
Ntail = 810.314
NtailError = 41.3551
Nbkg = 2694.69
NbkgError = 87.4599
