bias = -0.00760334
biasError = 8.35255e-05
sigma1 = 2.02744
sigma1Error = 0.0382137
sigma2 = 1.01945
sigma2Error = 0.00449091
beta = 0.134125
betaError = 0.00759274
tau = 1.40744
tauError = 0.0059395
Nprompt = 459621
NpromptError = 756.784
Nfromb = 78600.1
NfrombError = 328.123
Ntail = 115.236
NtailError = 23.3479
Nbkg = 215757
NbkgError = 569.429
