bias = -0.00301976
biasError = 7.25231e-05
sigma1 = 1.84274
sigma1Error = 0.0323678
sigma2 = 0.975265
sigma2Error = 0.00549149
beta = 0.172788
betaError = 0.0101176
tau = 1.27455
tauError = 0.00554105
Nprompt = 271432
NpromptError = 548.206
Nfromb = 66311.8
NfrombError = 285.951
Ntail = 46.9519
NtailError = 13.243
Nbkg = 25812
NbkgError = 233.509
