bias = -0.00827563
biasError = 7.51297e-05
sigma1 = 1.8384
sigma1Error = 0.0365934
sigma2 = 0.974381
sigma2Error = 0.00389059
beta = 0.109961
betaError = 0.00754906
tau = 1.474
tauError = 0.00592205
Nprompt = 514309
NpromptError = 763.419
Nfromb = 85010.2
NfrombError = 332.083
Ntail = 391.809
NtailError = 36.0499
Nbkg = 91088.5
NbkgError = 397.021
