bias = 0.000678823
biasError = 8.31856e-05
sigma1 = 0.935562
sigma1Error = 0.00387928
sigma2 = 1.69152
sigma2Error = 0.0259696
beta = 0.84914
betaError = 0.00837263
tau = 1.4076
tauError = 0.00616631
Nprompt = 553245
NpromptError = 802.515
Nfromb = 77881.6
NfrombError = 330.041
Ntail = 722.204
NtailError = 46.4839
Nbkg = 97050.4
NbkgError = 432.595
