bias = 0.00433965
biasError = 9.39813e-05
sigma1 = 1.94495
sigma1Error = 0.0367863
sigma2 = 0.963509
sigma2Error = 0.00305941
beta = 0.0937845
betaError = 0.00532564
tau = 1.49552
tauError = 0.0102977
Nprompt = 621076
NpromptError = 832.741
Nfromb = 49250.6
NfrombError = 283.725
Ntail = 9012.01
NtailError = 140.526
Nbkg = 68509.5
NbkgError = 372.59
