bias = -0.00694538
biasError = 0.000118693
sigma1 = 1.52862
sigma1Error = 0.0363196
sigma2 = 0.889493
sigma2Error = 0.00669738
beta = 0.162544
betaError = 0.0162519
tau = 1.64922
tauError = 0.0131261
Nprompt = 203086
NpromptError = 464.335
Nfromb = 25584.2
NfrombError = 182.736
Ntail = 2096.11
NtailError = 67.4422
Nbkg = 10497.9
NbkgError = 153.396
