bias = -0.00582788
biasError = 0.000147655
sigma1 = 1.85854
sigma1Error = 0.0735583
sigma2 = 0.93507
sigma2Error = 0.00648094
beta = 0.0807264
betaError = 0.0110296
tau = 1.58896
tauError = 0.0141714
Nprompt = 87801.7
NpromptError = 304.793
Nfromb = 17623.7
NfrombError = 147.032
Ntail = 665.197
NtailError = 37.896
Nbkg = 4049.18
NbkgError = 98.1299
