bias = -0.00867757
biasError = 0.000158784
sigma1 = 1.35095
sigma1Error = 0.0298396
sigma2 = 0.793514
sigma2Error = 0.00959095
beta = 0.253487
betaError = 0.0241685
tau = 1.71007
tauError = 0.0159376
Nprompt = 126146
NpromptError = 366.242
Nfromb = 17014.7
NfrombError = 146.792
Ntail = 655.019
NtailError = 38.4172
Nbkg = 6553.38
NbkgError = 121.662
