bias = -0.00603543
biasError = 6.01516e-05
sigma1 = 1.83653
sigma1Error = 0.0351373
sigma2 = 0.95539
sigma2Error = 0.00296342
beta = 0.0884724
betaError = 0.00568838
tau = 1.51666
tauError = 0.00577631
Nprompt = 732060
NpromptError = 896.101
Nfromb = 99253.4
NfrombError = 358.666
Ntail = 1595.82
NtailError = 65.3795
Nbkg = 74941.4
NbkgError = 382.027
