bias = -0.00460846
biasError = 5.60087e-05
sigma1 = 1.77454
sigma1Error = 0.0279024
sigma2 = 0.960636
sigma2Error = 0.00348916
beta = 0.124953
betaError = 0.0070103
tau = 1.39956
tauError = 0.00470498
Nprompt = 572227
NpromptError = 791.841
Nfromb = 114240
NfrombError = 375.879
Ntail = 326.156
NtailError = 32.735
Nbkg = 52802.8
NbkgError = 328.308
