bias = -0.0082999
biasError = 8.13208e-05
sigma1 = 1.56998
sigma1Error = 0.0249154
sigma2 = 0.911024
sigma2Error = 0.00439664
beta = 0.158672
betaError = 0.0104121
tau = 1.54064
tauError = 0.00706217
Nprompt = 443461
NpromptError = 695.139
Nfromb = 65501
NfrombError = 288.639
Ntail = 601.932
NtailError = 41.6558
Nbkg = 43101.6
NbkgError = 287.818
