bias = -0.000669676
biasError = 8.16379e-05
sigma1 = 2.08674
sigma1Error = 0.0307315
sigma2 = 1.05864
sigma2Error = 0.00652298
beta = 0.208703
betaError = 0.00970067
tau = 1.24367
tauError = 0.0048259
Nprompt = 201168
NpromptError = 472.033
Nfromb = 81051.7
NfrombError = 313.868
Ntail = 49.6296
NtailError = 13.5756
Nbkg = 16657.8
NbkgError = 195.852
