bias = -0.00187911
biasError = 8.37561e-05
sigma1 = 1.75546
sigma1Error = 0.0501412
sigma2 = 0.963743
sigma2Error = 0.00860298
beta = 0.167088
betaError = 0.0173755
tau = 1.2857
tauError = 0.00599423
Nprompt = 139152
NpromptError = 389.047
Nfromb = 54706.1
NfrombError = 254.485
Ntail = 21.8185
NtailError = 9.3976
Nbkg = 9408.06
NbkgError = 152.102
