bias = -0.00320611
biasError = 7.89952e-05
sigma1 = 1.77915
sigma1Error = 0.0383936
sigma2 = 0.964864
sigma2Error = 0.00589687
beta = 0.150447
betaError = 0.0115872
tau = 1.32925
tauError = 0.00626239
Nprompt = 215791
NpromptError = 484.46
Nfromb = 55673
NfrombError = 259.852
Ntail = 64.5325
NtailError = 15.0447
Nbkg = 15852.9
NbkgError = 187.535
