bias = -0.00997186
biasError = 0.000171402
sigma1 = 1.37603
sigma1Error = 0.0197594
sigma2 = 0.732509
sigma2Error = 0.0074694
beta = 0.30147
betaError = 0.0155415
tau = 1.70597
tauError = 0.0247836
Nprompt = 145832
NpromptError = 393.028
Nfromb = 10246.3
NfrombError = 122.926
Ntail = 1842.22
NtailError = 63.8007
Nbkg = 8113.24
NbkgError = 129.327
