bias = -0.00973103
biasError = 0.000108712
sigma1 = 1.64071
sigma1Error = 0.0284487
sigma2 = 0.920869
sigma2Error = 0.00536401
beta = 0.179045
betaError = 0.011729
tau = 1.56755
tauError = 0.0111229
Nprompt = 345229
NpromptError = 617.621
Nfromb = 34829
NfrombError = 222.135
Ntail = 1568.46
NtailError = 63.8698
Nbkg = 49791.4
NbkgError = 293.338
