bias = -0.00100842
biasError = 9.29075e-05
sigma1 = 1.93751
sigma1Error = 0.035194
sigma2 = 1.02829
sigma2Error = 0.00766078
beta = 0.205001
betaError = 0.0127863
tau = 1.28786
tauError = 0.00553911
Nprompt = 147676
NpromptError = 403.002
Nfromb = 65070.5
NfrombError = 279.343
Ntail = 17.8765
NtailError = 8.86922
Nbkg = 11224.5
NbkgError = 163.002
