bias = -0.00569662
biasError = 6.36505e-05
sigma1 = 1.77158
sigma1Error = 0.0274131
sigma2 = 0.964277
sigma2Error = 0.00357761
beta = 0.136589
betaError = 0.00738704
tau = 1.44837
tauError = 0.00517913
Nprompt = 683826
NpromptError = 899.396
Nfromb = 109247
NfrombError = 381.109
Ntail = 442.528
NtailError = 39.1201
Nbkg = 195178
NbkgError = 565.303
