bias = -0.000971768
biasError = 0.000152305
sigma1 = 1.53655
sigma1Error = 0.0620021
sigma2 = 0.905277
sigma2Error = 0.0140221
beta = 0.194685
betaError = 0.0335289
tau = 1.35897
tauError = 0.0109545
Nprompt = 51647.9
NpromptError = 237.945
Nfromb = 18526.1
NfrombError = 148.86
Ntail = 36.2113
NtailError = 9.1966
Nbkg = 2757.3
NbkgError = 95.8142
