bias = -0.000601913
biasError = 0.000103348
sigma1 = 2.00539
sigma1Error = 0.0598897
sigma2 = 0.974947
sigma2Error = 0.00662723
beta = 0.118867
betaError = 0.0106298
tau = 1.20632
tauError = 0.00711998
Nprompt = 118874
NpromptError = 365.052
Nfromb = 35245.1
NfrombError = 209.116
Ntail = 7.97459
NtailError = 8.69467
Nbkg = 7544.44
NbkgError = 155.338
