bias = -0.00422371
biasError = 5.73321e-05
sigma1 = 1.83926
sigma1Error = 0.0252021
sigma2 = 0.975765
sigma2Error = 0.0038402
beta = 0.161817
betaError = 0.00728447
tau = 1.33159
tauError = 0.00450999
Nprompt = 597035
NpromptError = 830.635
Nfromb = 115292
NfrombError = 384.727
Ntail = 158.417
NtailError = 25.9527
Nbkg = 112973
NbkgError = 449.595
