bias = -0.00156789
biasError = 0.000122301
sigma1 = 1.80188
sigma1Error = 0.045059
sigma2 = 0.989449
sigma2Error = 0.00948514
beta = 0.179668
betaError = 0.0174517
tau = 1.38774
tauError = 0.00744336
Nprompt = 83890.6
NpromptError = 301.608
Nfromb = 41618
NfrombError = 221.604
Ntail = 67.9166
NtailError = 12.7889
Nbkg = 5384.73
NbkgError = 116.639
