bias = -0.00122304
biasError = 0.000107771
sigma1 = 1.73868
sigma1Error = 0.0452103
sigma2 = 0.946633
sigma2Error = 0.00674069
beta = 0.145947
betaError = 0.0136277
tau = 1.29766
tauError = 0.00789554
Nprompt = 151660
NpromptError = 408.6
Nfromb = 34405.4
NfrombError = 207.695
Ntail = 52.0554
NtailError = 14.9477
Nbkg = 9272.54
NbkgError = 159.842
