bias = -0.00516226
biasError = 7.98906e-05
sigma1 = 1.70311
sigma1Error = 0.0273141
sigma2 = 0.954672
sigma2Error = 0.00529974
beta = 0.185756
betaError = 0.0110918
tau = 1.37632
tauError = 0.00578529
Nprompt = 343647
NpromptError = 621.673
Nfromb = 73614
NfrombError = 303.891
Ntail = 126.419
NtailError = 21.4584
Nbkg = 47850.6
NbkgError = 298.88
