bias = 0.00451325
biasError = 9.92093e-05
sigma1 = 2.03424
sigma1Error = 0.0354022
sigma2 = 0.972906
sigma2Error = 0.00286778
beta = 0.092722
betaError = 0.00459992
tau = 1.48573
tauError = 0.00877847
Nprompt = 578802
NpromptError = 823.388
Nfromb = 58929.1
NfrombError = 307.104
Ntail = 4709.41
NtailError = 106.863
Nbkg = 120733
NbkgError = 467.917
