bias = -0.00348931
biasError = 7.58177e-05
sigma1 = 0.937391
sigma1Error = 0.00691518
sigma2 = 1.63387
sigma2Error = 0.0335235
beta = 0.812287
betaError = 0.0153431
tau = 1.35333
tauError = 0.00604741
Nprompt = 230712
NpromptError = 498.596
Nfromb = 61230
NfrombError = 270.812
Ntail = 72.2272
NtailError = 15.2911
Nbkg = 14240.8
NbkgError = 181.59
