bias = -0.00467934
biasError = 7.53357e-05
sigma1 = 1.95296
sigma1Error = 0.0324012
sigma2 = 0.998497
sigma2Error = 0.0044791
beta = 0.150451
betaError = 0.00776726
tau = 1.32967
tauError = 0.00524143
Nprompt = 410943
NpromptError = 693.318
Nfromb = 84861.8
NfrombError = 330.809
Ntail = 68.0849
NtailError = 17.6746
Nbkg = 89598.6
NbkgError = 392.747
