bias = -0.00146525
biasError = 0.000125225
sigma1 = 1.72151
sigma1Error = 0.0563138
sigma2 = 0.939461
sigma2Error = 0.00723951
beta = 0.119251
betaError = 0.0147133
tau = 1.38254
tauError = 0.00999996
Nprompt = 107879
NpromptError = 341.583
Nfromb = 24205.3
NfrombError = 172.267
Ntail = 90.78
NtailError = 15.9622
Nbkg = 4940.53
NbkgError = 121.204
