bias = -0.00494685
biasError = 6.52146e-05
sigma1 = 1.72665
sigma1Error = 0.0328869
sigma2 = 0.952036
sigma2Error = 0.00399033
beta = 0.117271
betaError = 0.00837001
tau = 1.44693
tauError = 0.00580194
Nprompt = 424423
NpromptError = 675.313
Nfromb = 81036.6
NfrombError = 315.071
Ntail = 594.783
NtailError = 40.056
Nbkg = 26821.6
NbkgError = 243.733
