bias = -0.00447704
biasError = 6.03139e-05
sigma1 = 1.72132
sigma1Error = 0.0266456
sigma2 = 0.95637
sigma2Error = 0.00427593
beta = 0.1613
betaError = 0.00905771
tau = 1.36381
tauError = 0.00488735
Nprompt = 505374
NpromptError = 751.382
Nfromb = 101399
NfrombError = 356.4
Ntail = 178.804
NtailError = 26.5142
Nbkg = 63112.4
NbkgError = 348.583
