bias = -0.00202933
biasError = 0.00033758
sigma1 = 1.52841
sigma1Error = 0.126864
sigma2 = 0.930721
sigma2Error = 0.0366711
beta = 0.230247
betaError = 0.0883812
tau = 1.52601
tauError = 0.020789
Nprompt = 11710.1
NpromptError = 112.156
Nfromb = 6563.71
NfrombError = 87.8722
Ntail = 53.1181
NtailError = 10.4085
Nbkg = 861.158
NbkgError = 45.159
