bias = -0.00976821
biasError = 0.000111938
sigma1 = 1.93408
sigma1Error = 0.0490749
sigma2 = 1.0135
sigma2Error = 0.00559669
beta = 0.125081
betaError = 0.0103626
tau = 1.54972
tauError = 0.00986345
Nprompt = 327722
NpromptError = 619.115
Nfromb = 41485.4
NfrombError = 244.845
Ntail = 937.724
NtailError = 53.4321
Nbkg = 99120.5
NbkgError = 392.864
