bias = -0.00178976
biasError = 0.000315653
sigma1 = 1.74232
sigma1Error = 0.14004
sigma2 = 0.928445
sigma2Error = 0.0156906
beta = 0.105008
betaError = 0.0305833
tau = 1.52984
tauError = 0.0264682
Nprompt = 17349.6
NpromptError = 136.753
Nfromb = 4486.06
NfrombError = 74.4905
Ntail = 186.168
NtailError = 19.3462
Nbkg = 775.4
NbkgError = 49.703
