bias = -0.00346044
biasError = 0.000115589
sigma1 = 1.60147
sigma1Error = 0.0449278
sigma2 = 0.940912
sigma2Error = 0.00945984
beta = 0.186417
betaError = 0.0220416
tau = 1.4074
tauError = 0.0081683
Nprompt = 127467
NpromptError = 370.096
Nfromb = 36852.9
NfrombError = 210.378
Ntail = 93.6276
NtailError = 16.4784
Nbkg = 7478.07
NbkgError = 131.906
