bias = -0.00105619
biasError = 8.23222e-05
sigma1 = 0.940379
sigma1Error = 0.00420402
sigma2 = 1.74437
sigma2Error = 0.0279234
beta = 0.85127
betaError = 0.00834579
tau = 1.34623
tauError = 0.00610652
Nprompt = 364676
NpromptError = 638.169
Nfromb = 65032.2
NfrombError = 290.852
Ntail = 157.933
NtailError = 23.9176
Nbkg = 31397.3
NbkgError = 272.087
