bias = -0.00534828
biasError = 6.38417e-05
sigma1 = 1.89657
sigma1Error = 0.029119
sigma2 = 0.985122
sigma2Error = 0.00349492
beta = 0.135446
betaError = 0.00654018
tau = 1.41665
tauError = 0.00492482
Nprompt = 740592
NpromptError = 965.598
Nfromb = 117905
NfrombError = 403.545
Ntail = 305.771
NtailError = 35.7434
Nbkg = 352988
NbkgError = 736.079
