bias = -0.00239549
biasError = 8.35459e-05
sigma1 = 1.74005
sigma1Error = 0.048605
sigma2 = 0.95652
sigma2Error = 0.0079711
beta = 0.153878
betaError = 0.0161392
tau = 1.30561
tauError = 0.00597207
Nprompt = 137354
NpromptError = 385.84
Nfromb = 56570.8
NfrombError = 258.062
Ntail = 50.4011
NtailError = 12.8457
Nbkg = 9020.57
NbkgError = 150.258
