bias = -0.000838492
biasError = 7.87619e-05
sigma1 = 1.72875
sigma1Error = 0.0325972
sigma2 = 0.941263
sigma2Error = 0.00539868
beta = 0.175731
betaError = 0.0114303
tau = 1.31344
tauError = 0.00574389
Nprompt = 415903
NpromptError = 690.325
Nfromb = 71891.6
NfrombError = 309.908
Ntail = 174.803
NtailError = 26.8402
Nbkg = 48945.4
NbkgError = 328.257
