bias = -0.00586632
biasError = 8.64142e-05
sigma1 = 2.13158
sigma1Error = 0.0461989
sigma2 = 1.00128
sigma2Error = 0.00316138
beta = 0.081391
betaError = 0.00485713
tau = 1.55068
tauError = 0.00832802
Nprompt = 533778
NpromptError = 795.02
Nfromb = 62053.1
NfrombError = 302.791
Ntail = 2165.04
NtailError = 77.9326
Nbkg = 172444
NbkgError = 520.947
