bias = -0.00137761
biasError = 8.70497e-05
sigma1 = 1.68814
sigma1Error = 0.0329637
sigma2 = 0.930811
sigma2Error = 0.00458872
beta = 0.131705
betaError = 0.0096767
tau = 1.41711
tauError = 0.00724945
Nprompt = 313221
NpromptError = 582.12
Nfromb = 52069.8
NfrombError = 257.594
Ntail = 618.588
NtailError = 39.3566
Nbkg = 16158.9
NbkgError = 206.2
