bias = -0.00392515
biasError = 0.000238876
sigma1 = 1.77352
sigma1Error = 0.238447
sigma2 = 0.945371
sigma2Error = 0.0223547
beta = 0.0927285
betaError = 0.0455536
tau = 1.57264
tauError = 0.0205766
Nprompt = 24784.2
NpromptError = 162.115
Nfromb = 7634.89
NfrombError = 95.3484
Ntail = 181.105
NtailError = 20.4896
Nbkg = 1212.63
NbkgError = 54.3973
