bias = -0.00356464
biasError = 9.35787e-05
sigma1 = 1.76123
sigma1Error = 0.0529196
sigma2 = 0.958448
sigma2Error = 0.00624339
beta = 0.110334
betaError = 0.0124372
tau = 1.41837
tauError = 0.00786658
Nprompt = 150798
NpromptError = 400.962
Nfromb = 40130.3
NfrombError = 218.123
Ntail = 154.971
NtailError = 20.6178
Nbkg = 7554.66
NbkgError = 135.599
