bias = -0.00582132
biasError = 5.62196e-05
sigma1 = 1.78104
sigma1Error = 0.0296355
sigma2 = 0.963419
sigma2Error = 0.0031908
beta = 0.113081
betaError = 0.00660302
tau = 1.46639
tauError = 0.00479848
Nprompt = 845369
NpromptError = 981.85
Nfromb = 130524
NfrombError = 413.449
Ntail = 822.13
NtailError = 50.4634
Nbkg = 157752
NbkgError = 525.646
