bias = 0.00462981
biasError = 0.000120137
sigma1 = 2.05227
sigma1Error = 0.042832
sigma2 = 0.974933
sigma2Error = 0.00348422
beta = 0.0952785
betaError = 0.00555716
tau = 1.48133
tauError = 0.00971429
Nprompt = 410220
NpromptError = 709.158
Nfromb = 46897.3
NfrombError = 276.142
Ntail = 2385.19
NtailError = 79.5276
Nbkg = 134397
NbkgError = 477.446
