bias = -0.000314184
biasError = 0.000148433
sigma1 = 1.60859
sigma1Error = 0.0524766
sigma2 = 0.906585
sigma2Error = 0.0083144
beta = 0.155815
betaError = 0.0195308
tau = 1.62582
tauError = 0.0162927
Nprompt = 172836
NpromptError = 430.275
Nfromb = 18459.6
NfrombError = 162.121
Ntail = 3119.2
NtailError = 80.167
Nbkg = 7657.57
NbkgError = 141.582
