bias = 0.000512694
biasError = 7.31778e-05
sigma1 = 0.942009
sigma1Error = 0.00312894
sigma2 = 1.74644
sigma2Error = 0.0254397
beta = 0.873889
betaError = 0.00642348
tau = 1.43585
tauError = 0.00579276
Nprompt = 697370
NpromptError = 888.499
Nfromb = 93020.9
NfrombError = 358.346
Ntail = 1358.46
NtailError = 61.4499
Nbkg = 84544.2
NbkgError = 418.906
