bias = -0.00105752
biasError = 0.000428596
sigma1 = 1.60081
sigma1Error = 0.291061
sigma2 = 0.94304
sigma2Error = 0.0306266
beta = 0.086247
betaError = 0.073124
tau = 1.49753
tauError = 0.0316791
Nprompt = 6611.06
NpromptError = 84.8068
Nfromb = 2802.38
NfrombError = 57.7581
Ntail = 69.1542
NtailError = 11.5816
Nbkg = 345.478
NbkgError = 34.3477
