bias = -0.000940146
biasError = 0.000115217
sigma1 = 1.72999
sigma1Error = 0.0614081
sigma2 = 0.95207
sigma2Error = 0.00829654
beta = 0.126632
betaError = 0.0170071
tau = 1.28142
tauError = 0.00802947
Nprompt = 92152.6
NpromptError = 319.083
Nfromb = 30835.5
NfrombError = 193.562
Ntail = 21.3203
NtailError = 8.62942
Nbkg = 5558.15
NbkgError = 132.544
