bias = -0.00595621
biasError = 0.000112107
sigma1 = 2.35638
sigma1Error = 0.0555473
sigma2 = 1.0288
sigma2Error = 0.00396171
beta = 0.0959762
betaError = 0.0053555
tau = 1.51247
tauError = 0.00907365
Nprompt = 374842
NpromptError = 719.573
Nfromb = 50162
NfrombError = 284.5
Ntail = 820.458
NtailError = 53.7397
Nbkg = 350911
NbkgError = 703.265
