bias = 0.000357388
biasError = 7.75583e-05
sigma1 = 1.68233
sigma1Error = 0.0237789
sigma2 = 0.927579
sigma2Error = 0.00338534
beta = 0.137135
betaError = 0.00720089
tau = 1.47451
tauError = 0.00692761
Nprompt = 609992
NpromptError = 817.898
Nfromb = 71767
NfrombError = 313.546
Ntail = 2472.46
NtailError = 77.2704
Nbkg = 46326.3
NbkgError = 325.317
