bias = -0.00657197
biasError = 0.000197835
sigma1 = 1.31891
sigma1Error = 0.0375919
sigma2 = 0.823531
sigma2Error = 0.0154444
beta = 0.296612
betaError = 0.0411104
tau = 1.61694
tauError = 0.0161125
Nprompt = 61194.1
NpromptError = 254.832
Nfromb = 13507.8
NfrombError = 128.09
Ntail = 233.838
NtailError = 23.0631
Nbkg = 2924.37
NbkgError = 83.6958
