4407.33
NsigError = 78.1709
Nbkg = 2183.67
NbkgError = 62.3508
mean = -0.425691
meanError = 0.290204
sigma = 7.87857
sigmaError = 0.486915
p0 =-0.00120754
p0Error =0.000326527
