7083.01
NsigError = 101.528
Nbkg = 3854
NbkgError = 84.1404
mean = -0.691747
meanError = 0.240243
sigma = 8.46355
sigmaError = 0.408526
p0 =-0.00100138
p0Error =0.000245686
