6315.85
NsigError = 96.3587
Nbkg = 3757.15
NbkgError = 82.0177
mean = -0.357702
meanError = 0.254645
sigma = 8.10497
sigmaError = 0.426293
p0 =-0.00111375
p0Error =0.000248324
