3157.68
NsigError = 94.9601
Nbkg = 7135.31
NbkgError = 113.991
mean = -2.35631
meanError = 0.576836
sigma = 8.08974
sigmaError = 1.21593
p0 =-0.000300916
p0Error =0.000177716
