4432.64
NsigError = 78.9143
Nbkg = 2158.36
NbkgError = 62.877
mean = 3686.06
meanError = 0.289016
sigma1 = 15.1649
sigma1Error = 0.264036
attenuation constant p0 = -0.00129443
p0Error = 0.000330472
