6323.56
NsigError = 96.9655
Nbkg = 3749.44
NbkgError = 82.6582
mean = 3686.19
meanError = 0.254296
sigma1 = 15.55
sigma1Error = 0.234585
attenuation constant p0 = -0.00117266
p0Error = 0.00024945
