11179.9
NsigError = 274.143
Nbkg = 87109
NbkgError = 388.587
mean = 3684.62
meanError = 0.402474
sigma1 = 16.9136
sigma1Error = 0.451342
attenuation constant p0 = -0.00059458
p0Error = 4.99833e-05
