2410.98
NsigError = 62.4745
Nbkg = 1681.02
NbkgError = 56.3342
mean = 3685.33
meanError = 0.455946
sigma1 = 16.6006
sigma1Error = 0.439992
attenuation constant p0 = -0.00109603
p0Error = 0.000372147
