bias = -0.00612735
biasError = 0.00131146
sigma1 = 1.25
sigma1Error = 0
sigma2 = 1.23819
sigma2Error = 0.0456802
beta = 0
betaError = 0
tau1 = 1.21372
tau1Error = 0.0542508
tau2 = 0.126226
tau2Error = 0.0167507
tau3 = 0.203485
tau3Error = 0.0132555
tau4 = 3.5
tau4Error = 0
f1 = 0.251281
f1Error = 0.0122505
f2 = 0.190362
f2Error = 0.0160578
f3 = 0.11184
f3Error = 0.00830453
f4 = 0
f4Error = 0
