bias = -0.00465514
biasError = 0.000342437
sigma1 = 1.05733
sigma1Error = 0.0148161
sigma2 = 2.36133
sigma2Error = 0.100618
beta = 0.742112
betaError = 0.0174767
tau1 = 0.168403
tau1Error = 0.00573089
tau2 = 0.99989
tau2Error = 0.0399135
tau3 = 0.173896
tau3Error = 0.0122327
tau4 = 0.70342
tau4Error = 0.0731993
f1 = 0.16808
f1Error = 0.00548915
f2 = 0.0294886
f2Error = 0.00191932
f3 = 0.0467504
f3Error = 0.00416605
f4 = 0.0131066
f4Error = 0.00272313
