bias = -0.00444536
biasError = 0.000422227
sigma1 = 1.02542
sigma1Error = 0.0158459
sigma2 = 2.48138
sigma2Error = 0.10947
beta = 0.72714
betaError = 0.0171921
tau1 = 0.993821
tau1Error = 0.0393438
tau2 = 0.207077
tau2Error = 0.00861225
tau3 = 0.280715
tau3Error = 0.0141396
tau4 = 3.55835
tau4Error = 1.08647
f1 = 0.0746134
f1Error = 0.00427001
f2 = 0.194863
f2Error = 0.00528278
f3 = 0.0431643
f3Error = 0.00304466
f4 = 0.00220571
f4Error = 0.000548486
