bias = -0.00488072
biasError = 0.00148269
sigma1 = 1.25
sigma1Error = 0
sigma2 = 1.26647
sigma2Error = 0.0377984
beta = 0
betaError = 0
tau1 = 0.25484
tau1Error = 0.0286905
tau2 = 1.64564
tau2Error = 0.112468
tau3 = 0.347697
tau3Error = 0.0240629
tau4 = 3.5
tau4Error = 0
f1 = 0.220776
f1Error = 0.0143446
f2 = 0.16216
f2Error = 0.0139859
f3 = 0.0877845
f3Error = 0.00670883
f4 = 0
f4Error = 0
