bias = -0.00151737
biasError = 0.00152315
sigma1 = 1.25
sigma1Error = 0
sigma2 = 1.33264
sigma2Error = 0.0375419
beta = 0
betaError = 0
tau1 = 0.185082
tau1Error = 0.0169115
tau2 = 1.35633
tau2Error = 0.140901
tau3 = 0.225081
tau3Error = 0.0140778
tau4 = 3.5
tau4Error = 0
f1 = 0.195848
f1Error = 0.0149663
f2 = 0.0520923
f2Error = 0.00685692
f3 = 0.122352
f3Error = 0.00960714
f4 = 0
f4Error = 0
221701
f4Error = 0.00864225
