bias = 0.000952133
biasError = 0.00129693
sigma1 = 1.25
sigma1Error = 0
sigma2 = 1.18807
sigma2Error = 0.0231495
beta = 0
betaError = 0
tau1 = 0.951997
tau1Error = 0.0690648
tau2 = 0.149134
tau2Error = 0.00819541
tau3 = 0.110187
tau3Error = 0.00913729
tau4 = 0.596964
tau4Error = 0.0974306
f1 = 0.0396763
f1Error = 0.00439844
f2 = 0.241442
f2Error = 0.0121962
f3 = 0.125729
f3Error = 0.0124856
f4 = 0.0190747
f4Error = 0.00529951
