bias = 0.00242094
biasError = 0.00131188
sigma1 = 1.25
sigma1Error = 0
sigma2 = 1.57895
sigma2Error = 0.0433542
beta = 0
betaError = 0
tau1 = 0.987712
tau1Error = 0.0392906
tau2 = 0.055
tau2Error = 0
tau3 = 0.256138
tau3Error = 0.0199545
tau4 = 3.5
tau4Error = 0
f1 = 0.264493
f1Error = 0.00952926
f2 = 0
f2Error = 0
f3 = 0.0988284
f3Error = 0.00876432
f4 = 0
f4Error = 0
58
f4 = 0
f4Error = 0
