bias = -0.00170687
biasError = 0.00151258
sigma1 = 1.25
sigma1Error = 0
sigma2 = 1.60516
sigma2Error = 0.0422537
beta = 0
betaError = 0
tau1 = 0.682732
tau1Error = 0.0426953
tau2 = 0.055
tau2Error = 0
tau3 = 0.287603
tau3Error = 0.0291136
tau4 = 3.5
tau4Error = 0
f1 = 0.139697
f1Error = 0.00878044
f2 = 0
f2Error = 0
f3 = 0.0750197
f3Error = 0.00915185
f4 = 0
f4Error = 0
rror = 0.028218
f4 = 0.0568138
f4Error = 0.0155062
