bias = -0.00077028
biasError = 0.00132503
sigma1 = 1.25
sigma1Error = 0
sigma2 = 1.26437
sigma2Error = 0.0299586
beta = 0
betaError = 0
tau1 = 1.44921
tau1Error = 0.0775493
tau2 = 0.238531
tau2Error = 0.0170893
tau3 = 0.170641
tau3Error = 0.0177452
tau4 = 0.716272
tau4Error = 0.14344
f1 = 0.117147
f1Error = 0.00893048
f2 = 0.256953
f2Error = 0.0110748
f3 = 0.125811
f3Error = 0.008225
f4 = 0.0299443
f4Error = 0.0123696
