bias = -0.00185987
biasError = 0.00128524
sigma1 = 1.25
sigma1Error = 0
sigma2 = 1.31311
sigma2Error = 0.0389602
beta = 0
betaError = 0
tau1 = 0.199249
tau1Error = 0.0280799
tau2 = 1.51844
tau2Error = 0.0842099
tau3 = 0.206667
tau3Error = 0.0130971
tau4 = 3.5
tau4Error = 0
f1 = 0.190135
f1Error = 0.0133521
f2 = 0.208373
f2Error = 0.0140017
f3 = 0.107468
f3Error = 0.00790108
f4 = 0
f4Error = 0
