bias = 0.00524159
biasError = 0.00173255
sigma1 = 1.25
sigma1Error = 0
sigma2 = 1.5122
sigma2Error = 0.0492187
beta = 0
betaError = 0
tau1 = 1.00451
tau1Error = 0.036394
tau2 = 0.055
tau2Error = 0
tau3 = 0.296415
tau3Error = 0.0254484
tau4 = 3.5
tau4Error = 0
f1 = 0.330482
f1Error = 0.0106324
f2 = 0
f2Error = 0
f3 = 0.090369
f3Error = 0.00923015
f4 = 0
f4Error = 0
0
