bias = -0.00104124
biasError = 0.00182952
sigma1 = 1.25
sigma1Error = 0
sigma2 = 1.11441
sigma2Error = 0.0455881
beta = 0
betaError = 0
tau1 = 1.5579
tau1Error = 0.123875
tau2 = 0.137203
tau2Error = 0.0139395
tau3 = 0.0812918
tau3Error = 0.0158133
tau4 = 0.429509
tau4Error = 0.0679205
f1 = 0.0633225
f1Error = 0.00602074
f2 = 0.207088
f2Error = 0.0160523
f3 = 0.17417
f3Error = 0.0266229
f4 = 0.0776866
f4Error = 0.0220979
