bias = -0.00512754
biasError = 0.000408586
sigma1 = 1.09021
sigma1Error = 0.0102729
sigma2 = 2.68655
sigma2Error = 0.0972463
beta = 0.799485
betaError = 0.0104353
tau1 = 0.776772
tau1Error = 0.0301687
tau2 = 0.155504
tau2Error = 0.00522566
tau3 = 0.265286
tau3Error = 0.0213614
tau4 = 2.49694
tau4Error = 0.331752
f1 = 0.0580825
f1Error = 0.00316238
f2 = 0.221068
f2Error = 0.00503784
f3 = 0.0204069
f3Error = 0.00230271
f4 = 0.00311422
f4Error = 0.00052362

