bias = -0.00405678
biasError = 0.000609928
sigma1 = 1.25
sigma1Error = 0
sigma2 = 1.12732
sigma2Error = 0.0152835
beta = 0
betaError = 0
tau1 = 1.28056
tau1Error = 0.0441434
tau2 = 0.131703
tau2Error = 0.00563258
tau3 = 0.0844739
tau3Error = 0.00455132
tau4 = 0.449194
tau4Error = 0.0222009
f1 = 0.056354
f1Error = 0.00261165
f2 = 0.203126
f2Error = 0.00615179
f3 = 0.164773
f3Error = 0.00819611
f4 = 0.0763472
f4Error = 0.00642889
