bias = -0.002172
biasError = 0.00284519
sigma1 = 1.25
sigma1Error = 0
sigma2 = 1.00046
sigma2Error = 0.0758117
beta = 0
betaError = 0
tau1 = 1.31233
tau1Error = 0.179509
tau2 = 0.055
tau2Error = 0
tau3 = 0.451851
tau3Error = 0.17047
tau4 = 3.5
tau4Error = 0
f1 = 0.275986
f1Error = 0.0325127
f2 = 0
f2Error = 0
f3 = 0.0410395
f3Error = 0.0158907
f4 = 0
f4Error = 0
