bias = -0.00522818
biasError = 0.000703275
sigma1 = 1.25
sigma1Error = 0
sigma2 = 1.10944
sigma2Error = 0.0164272
beta = 0
betaError = 0
tau1 = 1.22339
tau1Error = 0.0512389
tau2 = 0.142027
tau2Error = 0.00706856
tau3 = 0.110228
tau3Error = 0.00897776
tau4 = 0.608057
tau4Error = 0.0638051
f1 = 0.0590232
f1Error = 0.00332707
f2 = 0.207341
f2Error = 0.00734472
f3 = 0.120311
f3Error = 0.00737646
f4 = 0.0331893
f4Error = 0.00624049
