bias = -0.000532915
biasError = 0.00385554
sigma1 = 1.25
sigma1Error = 0
sigma2 = 1.21501
sigma2Error = 0.134954
beta = 0
betaError = 0
tau1 = 1.48689
tau1Error = 0.158868
tau2 = 0.055
tau2Error = 0
tau3 = 0.554939
tau3Error = 0.188481
tau4 = 3.5
tau4Error = 0
f1 = 0.433286
f1Error = 0.0354677
f2 = 0
f2Error = 0
f3 = 0.0518941
f3Error = 0.018207
f4 = 0
f4Error = 0
890091
f3 = 0.0437144
f3Error = 0.0159909
f4 = 3.47203e-09
f4Error = 0.0226381
