bias = 0.00467071
biasError = 0.00214601
sigma1 = 1.25
sigma1Error = 0
sigma2 = 1.67447
sigma2Error = 0.0751558
beta = 0
betaError = 0
tau1 = 0.912605
tau1Error = 0.0628946
tau2 = 0.055
tau2Error = 0
tau3 = 0.234505
tau3Error = 0.0328899
tau4 = 3.5
tau4Error = 0
f1 = 0.259269
f1Error = 0.0163417
f2 = 0
f2Error = 0
f3 = 0.0913765
f3Error = 0.0147534
f4 = 0
f4Error = 0
