bias = 0.00261866
biasError = 0.00146341
sigma1 = 1.25
sigma1Error = 0
sigma2 = 1.27997
sigma2Error = 0.0455824
beta = 0
betaError = 0
tau1 = 1.17371
tau1Error = 0.0507775
tau2 = 0.055
tau2Error = 0
tau3 = 0.216883
tau3Error = 0.0248525
tau4 = 3.5
tau4Error = 0
f1 = 0.353534
f1Error = 0.012854
f2 = 0
f2Error = 0
f3 = 0.0744125
f3Error = 0.00971857
f4 = 0
f4Error = 0
