bias = -0.00823963
biasError = 0.000448051
sigma1 = 1.16049
sigma1Error = 0.0118073
sigma2 = 2.94788
sigma2Error = 0.120412
beta = 0.810518
betaError = 0.0109898
tau1 = 0.956356
tau1Error = 0.0410248
tau2 = 0.179036
tau2Error = 0.00628782
tau3 = 0.236015
tau3Error = 0.0314858
tau4 = 0.953492
tau4Error = 0.233149
f1 = 0.0452745
f1Error = 0.00312126
f2 = 0.200876
f2Error = 0.00570514
f3 = 0.0197224
f3Error = 0.00299065
f4 = 0.00585483
f4Error = 0.00242779
