bias = -0.00320642
biasError = 0.0028307
sigma1 = 1
sigma1Error = 0
sigma2 = 1.34942
sigma2Error = 0.0445618
beta = 0
betaError = 0
tau1 = 1.52062
tau1Error = 0.122361
tau2 = 0.275129
tau2Error = 0.0234302
tau3 = 0.753015
tau3Error = 0.0628583
tau4 = 3.5
tau4Error = 0
f1 = 0.121312
f1Error = 0.014147
f2 = 0.332965
f2Error = 0.0188157
f3 = 0.0492025
f3Error = 0.00442589
f4 = 0
f4Error = 0
f4Error = 0.00232228
