bias = -0.00381206
biasError = 0.000329121
sigma1 = 1.08217
sigma1Error = 0.00908781
sigma2 = 2.59633
sigma2Error = 0.0874814
beta = 0.805862
betaError = 0.00982754
tau1 = 0.884326
tau1Error = 0.0267811
tau2 = 0.178325
tau2Error = 0.00464098
tau3 = 0.265995
tau3Error = 0.0141932
tau4 = 2.31116
tau4Error = 0.321846
f1 = 0.0642829
f1Error = 0.00280154
f2 = 0.229536
f2Error = 0.00380461
f3 = 0.0244768
f3Error = 0.00189525
f4 = 0.00272462
f4Error = 0.000397628
