bias = -0.00159402
biasError = 0.00103489
sigma1 = 1.25
sigma1Error = 0
sigma2 = 1.23396
sigma2Error = 0.0250712
beta = 0
betaError = 0
tau1 = 1.27185
tau1Error = 0.0569226
tau2 = 0.179529
tau2Error = 0.011342
tau3 = 0.126051
tau3Error = 0.0103862
tau4 = 0.591087
tau4Error = 0.0702047
f1 = 0.0904926
f1Error = 0.00564286
f2 = 0.225916
f2Error = 0.00924015
f3 = 0.136269
f3Error = 0.00887679
f4 = 0.0411276
f4Error = 0.00913137
