bias = -0.0053257
biasError = 0.000828192
sigma1 = 1.25
sigma1Error = 0
sigma2 = 1.13123
sigma2Error = 0.0213951
beta = 0
betaError = 0
tau1 = 1.31103
tau1Error = 0.047906
tau2 = 0.160951
tau2Error = 0.00808571
tau3 = 0.107457
tau3Error = 0.0103948
tau4 = 0.520287
tau4Error = 0.0427279
f1 = 0.0906906
f1Error = 0.004386
f2 = 0.231142
f2Error = 0.00819721
f3 = 0.136023
f3Error = 0.00817756
f4 = 0.0735971
f4Error = 0.0110582
