bias = -0.00655416
biasError = 0.00201388
sigma1 = 1.25
sigma1Error = 0
sigma2 = 1.09329
sigma2Error = 0.0332406
beta = 0
betaError = 0
tau1 = 1.48392
tau1Error = 0.148649
tau2 = 0.32786
tau2Error = 0.0418977
tau3 = 0.464987
tau3Error = 0.0462048
tau4 = 3.5
tau4Error = 0
f1 = 0.123739
f1Error = 0.019521
f2 = 0.228002
f2Error = 0.0189637
f3 = 0.0546153
f3Error = 0.00614139
f4 = 0
f4Error = 0
