bias = -0.00259594
biasError = 0.0012407
sigma1 = 1.25
sigma1Error = 0
sigma2 = 1.23391
sigma2Error = 0.0299111
beta = 0
betaError = 0
tau1 = 1.29806
tau1Error = 0.0854926
tau2 = 0.157492
tau2Error = 0.0112047
tau3 = 0.129771
tau3Error = 0.0127035
tau4 = 0.533178
tau4Error = 0.0880704
f1 = 0.0578105
f1Error = 0.00514071
f2 = 0.235909
f2Error = 0.0125957
f3 = 0.135304
f3Error = 0.0103001
f4 = 0.0389085
f4Error = 0.0127171
