bias = -3.39191e-05
biasError = 0.00354792
sigma1 = 1.25
sigma1Error = 0
sigma2 = 1.09125
sigma2Error = 0.0887067
beta = 0
betaError = 0
tau1 = 1.05999
tau1Error = 0.0833539
tau2 = 0.055
tau2Error = 0
tau3 = 0.196572
tau3Error = 0.0342595
tau4 = 3.5
tau4Error = 0
f1 = 0.433189
f1Error = 0.0272484
f2 = 0
f2Error = 0
f3 = 0.127829
f3Error = 0.0248958
f4 = 0
f4Error = 0
