bias = -0.00284464
biasError = 0.00126247
sigma1 = 1.25
sigma1Error = 0
sigma2 = 1.12915
sigma2Error = 0.0379105
beta = 0
betaError = 0
tau1 = 0.132357
tau1Error = 0.0126273
tau2 = 1.368
tau2Error = 0.0647527
tau3 = 0.0880952
tau3Error = 0.0125282
tau4 = 0.462893
tau4Error = 0.0519516
f1 = 0.209351
f1Error = 0.0131319
f2 = 0.124369
f2Error = 0.00714261
f3 = 0.15651
f3Error = 0.0146079
f4 = 0.0892436
f4Error = 0.017484
