bias = -0.00489367
biasError = 0.00500282
sigma1 = 1.25
sigma1Error = 0
sigma2 = 1.09133
sigma2Error = 0.11564
beta = 0
betaError = 0
tau1 = 1.29871
tau1Error = 0.103437
tau2 = 0.055
tau2Error = 0
tau3 = 0.228939
tau3Error = 0.0438794
tau4 = 3.5
tau4Error = 0
f1 = 0.467201
f1Error = 0.0287468
f2 = 0
f2Error = 0
f3 = 0.12147
f3Error = 0.0270761
f4 = 0
f4Error = 0
4 = 0
f4Error = 0
