bias = 0.00212553
biasError = 0.0013572
sigma1 = 1.25
sigma1Error = 0
sigma2 = 1.65491
sigma2Error = 0.0608156
beta = 0
betaError = 0
tau1 = 0.927448
tau1Error = 0.0408562
tau2 = 0.055
tau2Error = 0
tau3 = 0.270069
tau3Error = 0.0271647
tau4 = 3.5
tau4Error = 0
f1 = 0.276987
f1Error = 0.0111788
f2 = 0
f2Error = 0
f3 = 0.076916
f3Error = 0.00897233
f4 = 0
f4Error = 0


