bias = -0.00435851
biasError = 0.00113709
sigma1 = 1.25
sigma1Error = 0
sigma2 = 1.07249
sigma2Error = 0.0250649
beta = 0
betaError = 0
tau1 = 1.35393
tau1Error = 0.0577584
tau2 = 0.162114
tau2Error = 0.0132991
tau3 = 0.106192
tau3Error = 0.0135752
tau4 = 0.50279
tau4Error = 0.0634088
f1 = 0.103665
f1Error = 0.00565271
f2 = 0.192302
f2Error = 0.0100488
f3 = 0.140935
f3Error = 0.0119366
f4 = 0.0555374
f4Error = 0.0137148
