bias = -0.000423913
biasError = 0.00135762
sigma1 = 1.25
sigma1Error = 0
sigma2 = 1.54013
sigma2Error = 0.0455238
beta = 0
betaError = 0
tau1 = 0.608122
tau1Error = 0.0404402
tau2 = 0.055
tau2Error = 0
tau3 = 0.223486
tau3Error = 0.018813
tau4 = 3.5
tau4Error = 0
f1 = 0.134626
f1Error = 0.00911914
f2 = 0
f2Error = 0
f3 = 0.111925
f3Error = 0.0112314
f4 = 0
f4Error = 0
Error = 0.0174255
f4 = 0.0527452
f4Error = 0.0165298
