bias = -0.000360178
biasError = 0.00124724
sigma1 = 1.25
sigma1Error = 0
sigma2 = 1.39348
sigma2Error = 0.0492857
beta = 0
betaError = 0
tau1 = 1.1154
tau1Error = 0.0364056
tau2 = 0.055
tau2Error = 0
tau3 = 0.263876
tau3Error = 0.0235719
tau4 = 3.5
tau4Error = 0
f1 = 0.408472
f1Error = 0.0107413
f2 = 0
f2Error = 0
f3 = 0.0827795
f3Error = 0.00841032
f4 = 0
f4Error = 0
