bias = 0.00109254
biasError = 0.00138968
sigma1 = 1.25
sigma1Error = 0
sigma2 = 1.36966
sigma2Error = 0.0451536
beta = 0
betaError = 0
tau1 = 1.23143
tau1Error = 0.0404945
tau2 = 0.055
tau2Error = 0
tau3 = 0.238002
tau3Error = 0.0195696
tau4 = 3.5
tau4Error = 0
f1 = 0.401723
f1Error = 0.0106876
f2 = 0
f2Error = 0
f3 = 0.093962
f3Error = 0.00872441
f4 = 0
f4Error = 0
ror = 0.0137212
f4 = 0.010627
f4Error = 0.00796566
