bias = -0.00276896
biasError = 0.00165533
sigma1 = 1.25
sigma1Error = 0
sigma2 = 1.12753
sigma2Error = 0.031986
beta = 0
betaError = 0
tau1 = 1.51865
tau1Error = 0.179824
tau2 = 0.288703
tau2Error = 0.0214249
tau3 = 0.202449
tau3Error = 0.0195729
tau4 = 2.04121
tau4Error = 1.17131
f1 = 0.0913484
f1Error = 0.0137881
f2 = 0.301105
f2Error = 0.013093
f3 = 0.108505
f3Error = 0.00880288
f4 = 0.00961863
f4Error = 0.00462964
