bias = -0.00200682
biasError = 0.00268924
sigma1 = 1
sigma1Error = 0
sigma2 = 1.14538
sigma2Error = 0.0665325
beta = 0
betaError = 0
tau1 = 1.21375
tau1Error = 0.0998522
tau2 = 0.131078
tau2Error = 0.0194617
tau3 = 0.0707362
tau3Error = 0.01677
tau4 = 0.386066
tau4Error = 0.0703472
f1 = 0.129382
f1Error = 0.0130504
f2 = 0.210707
f2Error = 0.0259696
f3 = 0.168853
f3Error = 0.0359173
f4 = 0.0938984
f4Error = 0.0281203
