bias = -0.0054415
biasError = 0.00230692
sigma1 = 1.25
sigma1Error = 0
sigma2 = 1.41381
sigma2Error = 0.0572341
beta = 0
betaError = 0
tau1 = 0.899735
tau1Error = 0.04123
tau2 = 0.055
tau2Error = 0
tau3 = 0.485176
tau3Error = 0.0428178
tau4 = 3.5
tau4Error = 0
f1 = 0.327718
f1Error = 0.013609
f2 = 0
f2Error = 0
f3 = 0.106508
f3Error = 0.010059
f4 = 0
f4Error = 0
