bias = -0.000275312
biasError = 0.00310362
sigma1 = 1.25
sigma1Error = 0
sigma2 = 1.05233
sigma2Error = 0.0820793
beta = 0
betaError = 0
tau1 = 1.23511
tau1Error = 0.111142
tau2 = 0.055
tau2Error = 0
tau3 = 0.542121
tau3Error = 0.16942
tau4 = 3.5
tau4Error = 0
f1 = 0.453273
f1Error = 0.0310955
f2 = 0
f2Error = 0
f3 = 0.0432035
f3Error = 0.013731
f4 = 0
f4Error = 0
0.0329426
f4 = 0.0364979
f4Error = 0.0760744
