bias = 0.00103641
biasError = 0.00334635
sigma1 = 1
sigma1Error = 0
sigma2 = 1.1843
sigma2Error = 0.070006
beta = 0
betaError = 0
tau1 = 1.61212
tau1Error = 0.229454
tau2 = 0.332294
tau2Error = 0.0689068
tau3 = 0.33728
tau3Error = 0.0358489
tau4 = 3.5
tau4Error = 0
f1 = 0.167658
f1Error = 0.0354038
f2 = 0.25014
f2Error = 0.0330846
f3 = 0.116733
f3Error = 0.0137589
f4 = 0
f4Error = 0
