bias = 0.00304712
biasError = 0.000815678
sigma1 = 1.25
sigma1Error = 0
sigma2 = 1.19895
sigma2Error = 0.0154545
beta = 0
betaError = 0
tau1 = 1.32696
tau1Error = 0.0513803
tau2 = 0.242024
tau2Error = 0.00783552
tau3 = 0.154851
tau3Error = 0.00840375
tau4 = 0.891611
tau4Error = 0.128497
f1 = 0.0730559
f1Error = 0.00440918
f2 = 0.293426
f2Error = 0.00591856
f3 = 0.106488
f3Error = 0.00520632
f4 = 0.0122862
f4Error = 0.0031173
