bias = -0.00371321
biasError = 0.00172647
sigma1 = 1.25
sigma1Error = 0
sigma2 = 1.08325
sigma2Error = 0.0410717
beta = 0
betaError = 0
tau1 = 1.52279
tau1Error = 0.0771257
tau2 = 0.114723
tau2Error = 0.0107179
tau3 = 0.0778657
tau3Error = 0.0114315
tau4 = 0.40191
tau4Error = 0.0448592
f1 = 0.106411
f1Error = 0.00606497
f2 = 0.221821
f2Error = 0.0168526
f3 = 0.165965
f3Error = 0.0212695
f4 = 0.0938457
f4Error = 0.0175603
