bias = -0.00564833
biasError = 0.000814656
sigma1 = 1.25
sigma1Error = 0
sigma2 = 1.13872
sigma2Error = 0.0192963
beta = 0
betaError = 0
tau1 = 0.128582
tau1Error = 0.00834457
tau2 = 1.28683
tau2Error = 0.0752804
tau3 = 0.0962601
tau3Error = 0.00870511
tau4 = 0.464772
tau4Error = 0.047668
f1 = 0.19835
f1Error = 0.00930364
f2 = 0.0389524
f2Error = 0.00306716
f3 = 0.121413
f3Error = 0.00966723
f4 = 0.0412096
f4Error = 0.00807377

