bias = 0.00341589
biasError = 0.00125205
sigma1 = 1.25
sigma1Error = 0
sigma2 = 1.15849
sigma2Error = 0.017797
beta = 0
betaError = 0
tau1 = 0.897073
tau1Error = 0.05116
tau2 = 0.169409
tau2Error = 0.00859458
tau3 = 0.125652
tau3Error = 0.00833039
tau4 = 0.673334
tau4Error = 0.125627
f1 = 0.0580482
f1Error = 0.00565264
f2 = 0.288147
f2Error = 0.0108841
f3 = 0.0940721
f3Error = 0.00744442
f4 = 0.0101006
f4Error = 0.00321688

30214
f4Error = 0.000519824
