bias = 0.00123456
biasError = 0.00179036
sigma1 = 1.25
sigma1Error = 0
sigma2 = 1.43561
sigma2Error = 0.0580562
beta = 0
betaError = 0
tau1 = 1.04775
tau1Error = 0.0584139
tau2 = 0.055
tau2Error = 0
tau3 = 0.19545
tau3Error = 0.0229641
tau4 = 3.5
tau4Error = 0
f1 = 0.288267
f1Error = 0.0143341
f2 = 0
f2Error = 0
f3 = 0.098461
f3Error = 0.0135979
f4 = 0
f4Error = 0
0
