bias = 0.00135867
biasError = 0.00315676
sigma1 = 1.25
sigma1Error = 0
sigma2 = 1.2648
sigma2Error = 0.0727335
beta = 0
betaError = 0
tau1 = 1.26878
tau1Error = 0.0761232
tau2 = 0.055
tau2Error = 0
tau3 = 0.323853
tau3Error = 0.0438612
tau4 = 3.5
tau4Error = 0
f1 = 0.32368
f1Error = 0.0170304
f2 = 0
f2Error = 0
f3 = 0.0959393
f3Error = 0.0154576
f4 = 0
f4Error = 0
