2037.55
NsigError = 51.1942
Nbkg = 632.493
NbkgError = 34.8755
mean = -1.63537
meanError = 0.422377
sigma = 6.6044
sigmaError = 0.853849
p0 =-0.00078708
p0Error =0.000618009
