9686.15
NsigError = 115.168
Nbkg = 4118.87
NbkgError = 87.7395
mean = -0.6768
meanError = 0.200896
sigma = 8.59566
sigmaError = 0.324376
p0 =-0.00128043
p0Error =0.000239752
