9257.76
NsigError = 113.799
Nbkg = 4031.58
NbkgError = 87.888
mean = -1.55699
meanError = 0.21828
sigma = 5.93612
sigmaError = 0.540464
p0 =-0.00103254
p0Error =0.000242744
