32456.6
NsigError = 337.215
Nbkg = 115255
NbkgError = 443.321
mean = -1.74371
meanError = 0.178411
sigma = 6.94172
sigmaError = 0.416041
p0 =-0.00050783
p0Error =4.36641e-05
