11477
NsigError = 129.815
Nbkg = 6719.06
NbkgError = 109.977
mean = -0.573563
meanError = 0.186949
sigma = 7.53798
sigmaError = 0.344622
p0 =-0.000854887
p0Error =0.000185478
