19410.5
NsigError = 407.204
Nbkg = 293154
NbkgError = 662.974
mean = -1.73261
meanError = 0.298637
sigma = 6.41831
sigmaError = 0.638506
p0 =-0.00028201
p0Error =2.69729e-05
