19383.7
NsigError = 367.311
Nbkg = 161211
NbkgError = 526.116
mean = -1.43238
meanError = 0.315977
sigma = 7.70479
sigmaError = 0.723884
p0 =-0.000525051
p0Error =3.676e-05
