11940.2
NsigError = 317.957
Nbkg = 153635
NbkgError = 492.728
mean = -1.73724
meanError = 0.406896
sigma = 7.92434
sigmaError = 0.796904
p0 =-0.00042404
p0Error =3.73879e-05
