1546.85
NsigError = 63.0224
Nbkg = 4253.16
NbkgError = 81.7136
mean = -1.78852
meanError = 0.622382
sigma = 7.26027
sigmaError = 1.14274
p0 =1.90861e-05
p0Error =0.000226143
