bias = -0.00493955
biasError = 0.000370039
sigma1 = 0.993072
sigma1Error = 0.0128189
sigma2 = 2.37298
sigma2Error = 0.126435
beta = 0.796037
betaError = 0.0148826
tau1 = 1.47807
tau1Error = 0.0301132
tau2 = 0.234032
tau2Error = 0.010654
tau3 = 0.258156
tau3Error = 0.0224917
tau4 = 2.14347
tau4Error = 0.488525
f1 = 0.117559
f1Error = 0.00308248
f2 = 0.13632
f2Error = 0.00472151
f3 = 0.0320741
f3Error = 0.00337116
f4 = 0.00368801
f4Error = 0.000990345

