bias = -0.00488633
biasError = 0.000658906
sigma1 = 1.25
sigma1Error = 0
sigma2 = 1.06605
sigma2Error = 0.0150492
beta = 0
betaError = 0
tau1 = 1.44586
tau1Error = 0.0291029
tau2 = 0.129994
tau2Error = 0.00916588
tau3 = 0.0967487
tau3Error = 0.00796549
tau4 = 0.575638
tau4Error = 0.0619382
f1 = 0.166871
f1Error = 0.00372083
f2 = 0.143494
f2Error = 0.00651701
f3 = 0.105961
f3Error = 0.00771034
f4 = 0.025454
f4Error = 0.00471192
8
f4Error = 0.00380762
