bias = -0.00633709
biasError = 0.000393607
sigma1 = 1.0366
sigma1Error = 0.0160671
sigma2 = 2.31077
sigma2Error = 0.118329
beta = 0.769453
betaError = 0.0198994
tau1 = 1.39244
tau1Error = 0.0308944
tau2 = 0.205394
tau2Error = 0.0107003
tau3 = 0.266183
tau3Error = 0.0186346
tau4 = 2.68443
tau4Error = 1.35323
f1 = 0.0959657
f1Error = 0.00272563
f2 = 0.120201
f2Error = 0.00493348
f3 = 0.0284004
f3Error = 0.00279166
f4 = 0.000964445
f4Error = 0.000481337
