bias = -0.00443075
biasError = 0.00144608
sigma1 = 1.25
sigma1Error = 0
sigma2 = 1.05662
sigma2Error = 0.0398268
beta = 0
betaError = 0
tau1 = 1.37739
tau1Error = 0.0496022
tau2 = 0.110904
tau2Error = 0.0184351
tau3 = 0.0661631
tau3Error = 0.00871798
tau4 = 0.438264
tau4Error = 0.0646309
f1 = 0.243106
f1Error = 0.00915635
f2 = 0.125446
f2Error = 0.0139606
f3 = 0.14002
f3Error = 0.0220222
f4 = 0.0475585
f4Error = 0.00997057
