bias = -0.00376964
biasError = 0.00101729
sigma1 = 1
sigma1Error = 0
sigma2 = 1.16907
sigma2Error = 0.0279612
beta = 0
betaError = 0
tau1 = 1.37927
tau1Error = 0.0379594
tau2 = 0.15417
tau2Error = 0.0477072
tau3 = 0.165026
tau3Error = 0.0159101
tau4 = 3.5
tau4Error = 0
f1 = 0.446708
f1Error = 0.0128018
f2 = 0.0694476
f2Error = 0.0109944
f3 = 0.0398578
f3Error = 0.00478727
f4 = 0
f4Error = 0
= 0.0669016
f4Error = 3.0059e-07
