bias = -0.00149739
biasError = 0.000523424
sigma1 = 1.04082
sigma1Error = 0.0116099
sigma2 = 2.72231
sigma2Error = 0.0963057
beta = 0.771691
betaError = 0.0115702
tau1 = 1.41193
tau1Error = 0.0294713
tau2 = 0.222536
tau2Error = 0.0134805
tau3 = 0.30913
tau3Error = 0.0215638
tau4 = 4.39226
tau4Error = 1.67195
f1 = 0.131475
f1Error = 0.00353988
f2 = 0.128167
f2Error = 0.00545079
f3 = 0.0249677
f3Error = 0.00281236
f4 = 0.00198493
f4Error = 0.000453254
