bias = -0.00722902
biasError = 0.000635059
sigma1 = 1.17672
sigma1Error = 0.0158786
sigma2 = 3.07346
sigma2Error = 0.167727
beta = 0.810201
betaError = 0.0141995
tau1 = 1.40304
tau1Error = 0.0490649
tau2 = 0.208585
tau2Error = 0.00898516
tau3 = 0.319815
tau3Error = 0.0415626
tau4 = 1.86344
tau4Error = 0.672722
f1 = 0.0663015
f1Error = 0.003147
f2 = 0.196637
f2Error = 0.00674947
f3 = 0.0166619
f3Error = 0.00292916
f4 = 0.00224188
f4Error = 0.00106545
9
