bias = -0.00401246
biasError = 0.000887905
sigma1 = 1.25
sigma1Error = 0
sigma2 = 1.01223
sigma2Error = 0.018126
beta = 0
betaError = 0
tau1 = 1.37289
tau1Error = 0.0300522
tau2 = 0.11902
tau2Error = 0.0156083
tau3 = 0.101958
tau3Error = 0.0110499
tau4 = 0.627212
tau4Error = 0.0832065
f1 = 0.228801
f1Error = 0.00552322
f2 = 0.117319
f2Error = 0.00937696
f3 = 0.0872709
f3Error = 0.00838888
f4 = 0.0240038
f4Error = 0.00523775
