bias = -0.00890674
biasError = 0.000918128
sigma1 = 1.25
sigma1Error = 0
sigma2 = 1.0746
sigma2Error = 0.0228227
beta = 0
betaError = 0
tau1 = 1.35802
tau1Error = 0.0311269
tau2 = 0.0952066
tau2Error = 0.0127293
tau3 = 0.120305
tau3Error = 0.0113789
tau4 = 1.08795
tau4Error = 0.300191
f1 = 0.294946
f1Error = 0.006882
f2 = 0.135455
f2Error = 0.0117227
f3 = 0.0811512
f3Error = 0.00618104
f4 = 0.00901377
f4Error = 0.00340045
668
