bias = -0.00901457
biasError = 0.00164858
sigma1 = 1.25
sigma1Error = 0
sigma2 = 1.1851
sigma2Error = 0.0416234
beta = 0
betaError = 0
tau1 = 1.32192
tau1Error = 0.043361
tau2 = 0.0698575
tau2Error = 0.0185277
tau3 = 0.231506
tau3Error = 0.0249254
tau4 = 3.5
tau4Error = 0
f1 = 0.395729
f1Error = 0.0117399
f2 = 0.121136
f2Error = 0.0257086
f3 = 0.0426012
f3Error = 0.00513503
f4 = 0
f4Error = 0
0
0482365
f4Error = 0.0137044
