bias = -0.00326262
biasError = 0.000977842
sigma1 = 1.25
sigma1Error = 0
sigma2 = 1.09414
sigma2Error = 0.0235615
beta = 0
betaError = 0
tau1 = 1.40509
tau1Error = 0.0346733
tau2 = 0.119815
tau2Error = 0.0215098
tau3 = 0.0881131
tau3Error = 0.0101236
tau4 = 0.416304
tau4Error = 0.0643569
f1 = 0.279627
f1Error = 0.00723153
f2 = 0.0973207
f2Error = 0.00979949
f3 = 0.0984905
f3Error = 0.0100775
f4 = 0.0313806
f4Error = 0.00867664
