bias = -0.00566144
biasError = 0.000383452
sigma1 = 2.53384
sigma1Error = 0.14616
sigma2 = 1.023
sigma2Error = 0.0124544
beta = 0.179399
betaError = 0.0133305
tau1 = 1.47241
tau1Error = 0.0299501
tau2 = 0.212769
tau2Error = 0.0104867
tau3 = 0.239831
tau3Error = 0.0217285
tau4 = 1.60733
tau4Error = 0.311546
f1 = 0.110656
f1Error = 0.00283669
f2 = 0.126061
f2Error = 0.00509616
f3 = 0.0247894
f3Error = 0.00350614
f4 = 0.00324811
f4Error = 0.000845667
