bias = -0.00646054
biasError = 0.000611917
sigma1 = 1.08783
sigma1Error = 0.0135451
sigma2 = 2.70603
sigma2Error = 0.135072
beta = 0.818393
betaError = 0.0138344
tau1 = 1.27741
tau1Error = 0.0456621
tau2 = 0.177608
tau2Error = 0.00682937
tau3 = 0.292863
tau3Error = 0.0426252
tau4 = 1.56576
tau4Error = 0.41521
f1 = 0.0583155
f1Error = 0.00275724
f2 = 0.210597
f2Error = 0.00708367
f3 = 0.0153446
f3Error = 0.00268165
f4 = 0.00396428
f4Error = 0.00139254
