bias = -0.0054438
biasError = 0.000791982
sigma1 = 1.25
sigma1Error = 0
sigma2 = 1.06907
sigma2Error = 0.0198141
beta = 0
betaError = 0
tau1 = 1.46336
tau1Error = 0.0403837
tau2 = 0.161236
tau2Error = 0.0241962
tau3 = 0.139313
tau3Error = 0.0126315
tau4 = 2.19249
tau4Error = 0.620164
f1 = 0.322259
f1Error = 0.00896171
f2 = 0.093034
f2Error = 0.00876813
f3 = 0.0636801
f3Error = 0.00552693
f4 = 0.00862125
f4Error = 0.00223324
