bias = -0.00666842
biasError = 0.000552081
sigma1 = 1.14577
sigma1Error = 0.0131981
sigma2 = 2.98948
sigma2Error = 0.143756
beta = 0.823956
betaError = 0.012169
tau1 = 1.30474
tau1Error = 0.0462291
tau2 = 0.213345
tau2Error = 0.00877826
tau3 = 0.33603
tau3Error = 0.0412975
tau4 = 2.28933
tau4Error = 0.955073
f1 = 0.0749364
f1Error = 0.00351042
f2 = 0.197304
f2Error = 0.00567244
f3 = 0.0157044
f3Error = 0.00239164
f4 = 0.00239535
f4Error = 0.000905418
