bias = 0.00184747
biasError = 0.000837427
sigma1 = 1
sigma1Error = 0
sigma2 = 1.20163
sigma2Error = 0.0105775
beta = 0
betaError = 0
tau1 = 1.30405
tau1Error = 0.0373239
tau2 = 0.214717
tau2Error = 0.00781932
tau3 = 0.32994
tau3Error = 0.0117443
tau4 = 3.5
tau4Error = 0
f1 = 0.0866835
f1Error = 0.00359186
f2 = 0.246824
f2Error = 0.00651765
f3 = 0.0415228
f3Error = 0.00194319
f4 = 0
f4Error = 0
rror = 0.00253908
f4 = 0.00162604
f4Error = 0.000470713
