bias = -0.00261667
biasError = 0.00113072
sigma1 = 1.25
sigma1Error = 0
sigma2 = 1.15318
sigma2Error = 0.0266327
beta = 0
betaError = 0
tau1 = 0.153304
tau1Error = 0.0254909
tau2 = 1.40641
tau2Error = 0.0429992
tau3 = 0.109271
tau3Error = 0.0119633
tau4 = 0.589885
tau4Error = 0.147523
f1 = 0.107878
f1Error = 0.0105719
f2 = 0.273174
f2Error = 0.00916809
f3 = 0.0870559
f3Error = 0.00989244
f4 = 0.0146874
f4Error = 0.00592551
