bias = -0.00613914
biasError = 0.000605241
sigma1 = 1.25
sigma1Error = 0
sigma2 = 1.04742
sigma2Error = 0.0138497
beta = 0
betaError = 0
tau1 = 1.42462
tau1Error = 0.0277108
tau2 = 0.149958
tau2Error = 0.0131286
tau3 = 0.114666
tau3Error = 0.00968104
tau4 = 0.694637
tau4Error = 0.0895518
f1 = 0.21972
f1Error = 0.00489257
f2 = 0.126625
f2Error = 0.00553776
f3 = 0.0945705
f3Error = 0.00566135
f4 = 0.0216581
f4Error = 0.00481836
f4Error = 0.000673457
