bias = -0.00298216
biasError = 0.00123125
sigma1 = 1.25
sigma1Error = 0
sigma2 = 1.22109
sigma2Error = 0.0329435
beta = 0
betaError = 0
tau1 = 0.103046
tau1Error = 0.0236175
tau2 = 1.34465
tau2Error = 0.0411555
tau3 = 0.199996
tau3Error = 0.0230961
tau4 = 3.5
tau4Error = 0
f1 = 0.0905642
f1Error = 0.0152848
f2 = 0.346062
f2Error = 0.010092
f3 = 0.0367019
f3Error = 0.00561259
f4 = 0
f4Error = 0
= 0.0176233
f4Error = 0.0100214
