bias = 0.00425501
biasError = 0.00258314
sigma1 = 1.25
sigma1Error = 0
sigma2 = 1.0021
sigma2Error = 0.0430564
beta = 0
betaError = 0
tau1 = 1.43705
tau1Error = 0.0415847
tau2 = 0.103315
tau2Error = 0.0657074
tau3 = 0.0367556
tau3Error = 0.00751994
tau4 = 0.315342
tau4Error = 0.033951
f1 = 0.332087
f1Error = 0.00999312
f2 = 0.0467053
f2Error = 0.0142212
f3 = 0.162759
f3Error = 0.0622142
f4 = 0.0644981
f4Error = 0.00979859
