bias = -0.00741335
biasError = 0.000550593
sigma1 = 1
sigma1Error = 0
sigma2 = 1.21484
sigma2Error = 0.00886714
beta = 0
betaError = 0
tau1 = 0.20035
tau1Error = 0.00542135
tau2 = 1.4032
tau2Error = 0.0321475
tau3 = 0.304067
tau3Error = 0.00868079
tau4 = 3.5
tau4Error = 0
f1 = 0.240876
f1Error = 0.00483588
f2 = 0.087122
f2Error = 0.00259807
f3 = 0.0441553
f3Error = 0.001554
f4 = 0
f4Error = 0
3Error = 0.00183121
f4 = 0.00147591
f4Error = 0.000349932

