bias = -0.00632226
biasError = 0.00253035
sigma1 = 1.25
sigma1Error = 0
sigma2 = 1.10597
sigma2Error = 0.0554197
beta = 0
betaError = 0
tau1 = 1.33594
tau1Error = 0.0319214
tau2 = 0.0482491
tau2Error = 0.0147075
tau3 = 0.0557098
tau3Error = 0.0128077
tau4 = 0.419392
tau4Error = 0.0723914
f1 = 0.420872
f1Error = 0.00928777
f2 = 0.135937
f2Error = 0.0454414
f3 = 0.0750082
f3Error = 0.0191158
f4 = 0.0326567
f4Error = 0.00800468
