bias = -0.00141494
biasError = 0.00135538
sigma1 = 1.25
sigma1Error = 0
sigma2 = 1.39179
sigma2Error = 0.038493
beta = 0
betaError = 0
tau1 = 1.25181
tau1Error = 0.0460932
tau2 = 0.055
tau2Error = 0
tau3 = 0.196315
tau3Error = 0.0289655
tau4 = 3.5
tau4Error = 0
f1 = 0.337651
f1Error = 0.0105124
f2 = 0
f2Error = 0
f3 = 0.0396719
f3Error = 0.00762098
f4 = 0
f4Error = 0

ror = 0.00909641
f4 = 0.00163857
f4Error = 0.00164323
