bias = -0.00765657
biasError = 0.00145619
sigma1 = 1.25
sigma1Error = 0
sigma2 = 1.08287
sigma2Error = 0.0288729
beta = 0
betaError = 0
tau1 = 1.3361
tau1Error = 0.0315115
tau2 = 0.0755666
tau2Error = 0.0119842
tau3 = 0.107728
tau3Error = 0.0155098
tau4 = 0.728581
tau4Error = 0.169663
f1 = 0.302391
f1Error = 0.0070538
f2 = 0.134098
f2Error = 0.0209789
f3 = 0.0830854
f3Error = 0.00987069
f4 = 0.0158065
f4Error = 0.00600423
