bias = -0.00255643
biasError = 0.000789862
sigma1 = 1
sigma1Error = 0
sigma2 = 1.24581
sigma2Error = 0.0261631
beta = 0
betaError = 0
tau1 = 0.225133
tau1Error = 0.0597199
tau2 = 1.38393
tau2Error = 0.03831
tau3 = 0.163676
tau3Error = 0.0116966
tau4 = 3.5
tau4Error = 0
f1 = 0.0742965
f1Error = 0.0120153
f2 = 0.417536
f2Error = 0.0143624
f3 = 0.0511246
f3Error = 0.00461536
f4 = 0
f4Error = 0
= 0.0609113
f4Error = 0.00917708
793
f4Error = 0.00557555
