bias = -1.66687e-05
biasError = 0.00101484
sigma1 = 7.06309
sigma1Error = 0.619878
sigma2 = 0.96363
sigma2Error = 0.0123911
beta = 0.0374439
betaError = 0.00586781
tau1 = 1.24797
tau1Error = 0.0314134
tau2 = 0.155001
tau2Error = 0.00521014
tau3 = 0.064278
tau3Error = 0.00578247
tau4 = 5.26988
tau4Error = 1.13233
f1 = 0.0974609
f1Error = 0.00268663
f2 = 0.259727
f2Error = 0.00599709
f3 = 0.147946
f3Error = 0.0179491
f4 = 0.00464567
f4Error = 0.000588177
