bias = -0.00746397
biasError = 0.00214907
sigma1 = 1.25
sigma1Error = 0
sigma2 = 0.981319
sigma2Error = 0.0368824
beta = 0
betaError = 0
tau1 = 1.30267
tau1Error = 0.0248281
tau2 = 0.0311913
tau2Error = 0.00666623
tau3 = 0.0635202
tau3Error = 0.00982754
tau4 = 0.332028
tau4Error = 0.058124
f1 = 0.426495
f1Error = 0.00704946
f2 = 0.158672
f2Error = 0.0538276
f3 = 0.0664058
f3Error = 0.00944305
f4 = 0.0279216
f4Error = 0.00803365
