bias = -0.00478911
biasError = 0.000802696
sigma1 = 1.25
sigma1Error = 0
sigma2 = 1.08547
sigma2Error = 0.0162346
beta = 0
betaError = 0
tau1 = 1.43225
tau1Error = 0.027751
tau2 = 0.142285
tau2Error = 0.00982745
tau3 = 0.126434
tau3Error = 0.00845615
tau4 = 0.907865
tau4Error = 0.135883
f1 = 0.213784
f1Error = 0.00458802
f2 = 0.152877
f2Error = 0.00726628
f3 = 0.109183
f3Error = 0.0067052
f4 = 0.0140467
f4Error = 0.00331014
