bias = -0.00302752
biasError = 0.000856624
sigma1 = 1.25
sigma1Error = 0
sigma2 = 1.0927
sigma2Error = 0.0221826
beta = 0
betaError = 0
tau1 = 1.52789
tau1Error = 0.039828
tau2 = 0.161016
tau2Error = 0.0283742
tau3 = 0.111763
tau3Error = 0.0166913
tau4 = 0.57032
tau4Error = 0.122246
f1 = 0.290229
f1Error = 0.00835928
f2 = 0.102006
f2Error = 0.00801668
f3 = 0.0727539
f3Error = 0.00719954
f4 = 0.0197461
f4Error = 0.00775629

55
