bias = -0.00029463
biasError = 0.00129182
sigma1 = 1
sigma1Error = 0
sigma2 = 1.28305
sigma2Error = 0.0347034
beta = 0
betaError = 0
tau1 = 1.69494
tau1Error = 0.332082
tau2 = 0.818348
tau2Error = 0.318093
tau3 = 0.0701801
tau3Error = 0.0272133
tau4 = 0.2
tau4Error = 0.0225661
f1 = 0.204513
f1Error = 0.118546
f2 = 0.145208
f2Error = 0.115554
f3 = 0.0355414
f3Error = 0.01758
f4 = 0.0597256
f4Error = 0.0148284
ror = 0.00432443
