bias = -0.00620152
biasError = 0.00171365
sigma1 = 1.25
sigma1Error = 0
sigma2 = 1.24827
sigma2Error = 0.042639
beta = 0
betaError = 0
tau1 = 1.53116
tau1Error = 0.0839662
tau2 = 0.186732
tau2Error = 0.0388874
tau3 = 0.168444
tau3Error = 0.017252
tau4 = 3.5
tau4Error = 0
f1 = 0.233464
f1Error = 0.0146824
f2 = 0.137999
f2Error = 0.0153573
f3 = 0.0760999
f3Error = 0.0111788
f4 = 0
f4Error = 0
97976
f4Error = 0.00780791
