bias = -0.00357789
biasError = 0.000729191
sigma1 = 1.25
sigma1Error = 0
sigma2 = 1.03501
sigma2Error = 0.01147
beta = 0
betaError = 0
tau1 = 1.4286
tau1Error = 0.0415663
tau2 = 0.209389
tau2Error = 0.00803703
tau3 = 0.135249
tau3Error = 0.00824716
tau4 = 1.30266
tau4Error = 0.18569
f1 = 0.0992602
f1Error = 0.0038341
f2 = 0.234813
f2Error = 0.00568002
f3 = 0.0770173
f3Error = 0.0051797
f4 = 0.00879533
f4Error = 0.00158214
32592
f4Error = 0.000673748

