bias = -0.0102918
biasError = 0.000812085
sigma1 = 1.25
sigma1Error = 0
sigma2 = 1.21055
sigma2Error = 0.0151272
beta = 0
betaError = 0
tau1 = 1.31927
tau1Error = 0.0514265
tau2 = 0.181021
tau2Error = 0.0061015
tau3 = 0.122096
tau3Error = 0.00690851
tau4 = 0.820205
tau4Error = 0.11348
f1 = 0.0576254
f1Error = 0.00305213
f2 = 0.262688
f2Error = 0.00709588
f3 = 0.0917968
f3Error = 0.00623427
f4 = 0.0104827
f4Error = 0.00220259
3

f4Error = 0.00177299
