bias = -0.00605149
biasError = 0.0021214
sigma1 = 1
sigma1Error = 0
sigma2 = 0.894852
sigma2Error = 0.0479279
beta = 0
betaError = 0
tau1 = 1.30448
tau1Error = 0.0270463
tau2 = 0.0329466
tau2Error = 0.00578256
tau3 = 0.04606
tau3Error = 0.00613659
tau4 = 0.295666
tau4Error = 0.0431511
f1 = 0.418376
f1Error = 0.00752964
f2 = 0.163512
f2Error = 0.0410995
f3 = 0.126205
f3Error = 0.0208255
f4 = 0.0407629
f4Error = 0.00902613
0741
