bias = -0.00511355
biasError = 0.000871292
sigma1 = 1.25
sigma1Error = 0
sigma2 = 1.08701
sigma2Error = 0.0173359
beta = 0
betaError = 0
tau1 = 1.38485
tau1Error = 0.0292018
tau2 = 0.131519
tau2Error = 0.00994905
tau3 = 0.124022
tau3Error = 0.00761875
tau4 = 0.672536
tau4Error = 0.100983
f1 = 0.201868
f1Error = 0.00471152
f2 = 0.154553
f2Error = 0.00853211
f3 = 0.118622
f3Error = 0.00691323
f4 = 0.0164439
f4Error = 0.00426179
