112063
NsigError = 346.6
Nbkg = 4693.45
NbkgError = 112.973
mean = -0.307522
meanError = 0.0388196
sigma = 5.8825
sigmaError = 0.0620643
p0 =-0.00175652
p0Error =0.000265712
