26531.2
NsigError = 169.541
Nbkg = 1001.76
NbkgError = 56.702
mean = -1.53742
meanError = 0.097748
sigma = 5.12181
sigmaError = 0.211223
p0 =-0.00152759
p0Error =0.000605303
