54179.6
NsigError = 241.402
Nbkg = 1750.14
NbkgError = 76.465
mean = -1.27709
meanError = 0.063536
sigma = 5.55333
sigmaError = 0.121879
p0 =-0.00224224
p0Error =0.000468108
