346650
NsigError = 612.427
Nbkg = 16773.5
NbkgError = 212.577
mean = -1.15211
meanError = 0.0230824
sigma = 5.0411
sigmaError = 0.044559
p0 =-0.00114469
p0Error =0.000141706
