38870.7
NsigError = 205.655
Nbkg = 1322.92
NbkgError = 68.9012
mean = -0.865064
meanError = 0.0966969
sigma = 6.83855
sigmaError = 0.197303
p0 =-0.00356036
p0Error =0.000535441
