345421
NsigError = 610.193
Nbkg = 14740
NbkgError = 204.095
mean = -1.28666
meanError = 0.025235
sigma = 4.98577
sigmaError = 0.0542723
p0 =-0.00229789
p0Error =0.000150001
