1.0557e+06
NsigError = 1089.21
Nbkg = 88521.8
NbkgError = 468.176
mean = -1.20606
meanError = 0.0165492
sigma = 6.15105
sigmaError = 0.0330144
p0 =-0.00114003
p0Error =5.79622e-05
