621296
NsigError = 826.997
Nbkg = 28806.1
NbkgError = 302.385
mean = -1.19105
meanError = 0.0227667
sigma = 6.33916
sigmaError = 0.0466584
p0 =-0.00161997
p0Error =0.00011083
