241442
NsigError = 514.851
Nbkg = 8841.54
NbkgError = 180.196
mean = -1.08185
meanError = 0.0390885
sigma = 6.97474
sigmaError = 0.0780031
p0 =-0.00249625
p0Error =0.000208689
