299969
NsigError = 571.214
Nbkg = 16723
NbkgError = 207.465
mean = -0.557747
meanError = 0.027236
sigma = 6.69054
sigmaError = 0.0444216
p0 =-0.00186175
p0Error =0.000134793
