396031
NsigError = 701.037
Nbkg = 162513
NbkgError = 507.864
mean = -0.572085
meanError = 0.0205271
sigma = 5.56892
sigmaError = 0.0335453
p0 =0.00105292
p0Error =3.8066e-05
