384892
NsigError = 646.72
Nbkg = 20259.3
NbkgError = 231.533
mean = -1.26845
meanError = 0.02423
sigma = 4.91402
sigmaError = 0.052901
p0 =-0.00158865
p0Error =0.0001258
