165071
NsigError = 425.58
Nbkg = 9556.3
NbkgError = 160.024
mean = -0.369306
meanError = 0.0373385
sigma = 7.06779
sigmaError = 0.0582811
p0 =-0.00108779
p0Error =0.000183007
