198067
NsigError = 467.005
Nbkg = 13448.3
NbkgError = 182.955
mean = -1.29252
meanError = 0.034273
sigma = 5.20233
sigmaError = 0.0722556
p0 =-0.00148665
p0Error =0.000149921
