47886.3
NsigError = 264.629
Nbkg = 49085.5
NbkgError = 266.871
mean = -0.665223
meanError = 0.0648185
sigma = 5.5353
sigmaError = 0.110153
p0 =0.00107151
p0Error =6.70006e-05
