28638.6
NsigError = 179.203
Nbkg = 1551.56
NbkgError = 70.9034
mean = -0.960134
meanError = 0.132701
sigma = 7.56318
sigmaError = 0.278651
p0 =-0.00375057
p0Error =0.000473593
