bias = -0.00569165
biasError = 0.000112941
sigma1 = 0.868492
sigma1Error = 0.00575319
sigma2 = 1.51294
sigma2Error = 0.0248483
beta = 0.796292
betaError = 0.0134598
tau = 1.5546
tauError = 0.0178419
Nprompt = 320932
NpromptError = 586.553
Nfromb = 20503.2
NfrombError = 181.783
Ntail = 6508.08
NtailError = 116.99
Nbkg = 24153.7
NbkgError = 217.326
