bias = -0.000735731
biasError = 0.000180802
sigma1 = 2.14614
sigma1Error = 0.0705648
sigma2 = 1.07527
sigma2Error = 0.014531
beta = 0.211248
betaError = 0.0210531
tau = 1.23022
tauError = 0.0107715
Nprompt = 41915.3
NpromptError = 215.982
Nfromb = 16015.5
NfrombError = 139.722
Ntail = 12.669
NtailError = 6.57504
Nbkg = 3618.38
NbkgError = 90.6814
