bias = -0.00476871
biasError = 0.000160081
sigma1 = 1.49031
sigma1Error = 0.0427713
sigma2 = 0.865781
sigma2Error = 0.00939015
beta = 0.183732
betaError = 0.0225012
tau = 1.50871
tauError = 0.0128236
Nprompt = 93287.3
NpromptError = 315.212
Nfromb = 18614.9
NfrombError = 151.34
Ntail = 286.969
NtailError = 26.0526
Nbkg = 4567.05
NbkgError = 103.896
