bias = -0.000766897
biasError = 0.000108296
sigma1 = 1.65755
sigma1Error = 0.0517477
sigma2 = 0.939155
sigma2Error = 0.00832934
beta = 0.147509
betaError = 0.0182424
tau = 1.29368
tauError = 0.00751579
Nprompt = 104149
NpromptError = 339.005
Nfromb = 35826.6
NfrombError = 208.264
Ntail = 39.5226
NtailError = 11.0656
Nbkg = 6138.22
NbkgError = 140.607
