bias = 0.000636242
biasError = 0.000206648
sigma1 = 1.70809
sigma1Error = 0.0506033
sigma2 = 0.933044
sigma2Error = 0.0101687
beta = 0.204485
betaError = 0.0207916
tau = 1.38711
tauError = 0.0142013
Nprompt = 101966
NpromptError = 357.6
Nfromb = 14562.8
NfrombError = 145.826
Ntail = 93.3616
NtailError = 18.0913
Nbkg = 35315.5
NbkgError = 246.906
