bias = -0.000834411
biasError = 0.000106354
sigma1 = 2.04298
sigma1Error = 0.0399901
sigma2 = 1.0546
sigma2Error = 0.00878295
beta = 0.211302
betaError = 0.0134932
tau = 1.26821
tauError = 0.00636235
Nprompt = 116952
NpromptError = 359.541
Nfromb = 48083.8
NfrombError = 241.385
Ntail = 19.4206
NtailError = 8.79449
Nbkg = 9573.17
NbkgError = 148.952
