bias = -0.00468754
biasError = 7.39288e-05
sigma1 = 1.80382
sigma1Error = 0.0322924
sigma2 = 0.967714
sigma2Error = 0.00525302
beta = 0.169049
betaError = 0.0102191
tau = 1.35057
tauError = 0.00588943
Nprompt = 352257
NpromptError = 635.756
Nfromb = 69362.5
NfrombError = 297.079
Ntail = 133.675
NtailError = 22.9102
Nbkg = 61407.8
NbkgError = 334.355
