bias = -0.0029517
biasError = 8.14062e-05
sigma1 = 1.87061
sigma1Error = 0.0330208
sigma2 = 0.991708
sigma2Error = 0.00549191
beta = 0.164722
betaError = 0.00992594
tau = 1.33159
tauError = 0.00554966
Nprompt = 257838
NpromptError = 532.412
Nfromb = 71587.9
NfrombError = 295.839
Ntail = 40.6914
NtailError = 12.1139
Nbkg = 21435.5
NbkgError = 214.919
