bias = -0.000884652
biasError = 0.000238685
sigma1 = 2.10042
sigma1Error = 0.108701
sigma2 = 0.991007
sigma2Error = 0.0111453
beta = 0.113075
betaError = 0.0165256
tau = 1.24352
tauError = 0.0167404
Nprompt = 34307.6
NpromptError = 196.495
Nfromb = 7044.28
NfrombError = 95.9228
Ntail = 1.07016e-05
NtailError = 2.60106
Nbkg = 2723.21
NbkgError = 83.1133
