bias = -0.00269405
biasError = 0.000239257
sigma1 = 1.75581
sigma1Error = 0.19708
sigma2 = 0.956949
sigma2Error = 0.0227109
beta = 0.106282
betaError = 0.0462659
tau = 1.47746
tauError = 0.0177141
Nprompt = 18007.6
NpromptError = 139.184
Nfromb = 8418.34
NfrombError = 98.9219
Ntail = 78.5754
NtailError = 12.8911
Nbkg = 1028.71
NbkgError = 52.323
