bias = -0.00470564
biasError = 0.000134228
sigma1 = 2.06892
sigma1Error = 0.0636269
sigma2 = 1.009
sigma2Error = 0.00738584
beta = 0.133022
betaError = 0.0116775
tau = 1.33478
tauError = 0.0104926
Nprompt = 114930
NpromptError = 368.432
Nfromb = 21446.9
NfrombError = 167.289
Ntail = 17.7125
NtailError = 7.79621
Nbkg = 27648.3
NbkgError = 217.675
