bias = -0.00586104
biasError = 5.32128e-05
sigma1 = 1.76571
sigma1Error = 0.023168
sigma2 = 0.963013
sigma2Error = 0.00304515
beta = 0.137068
betaError = 0.00632059
tau = 1.45396
tauError = 0.00435546
Nprompt = 970648
NpromptError = 1070.63
Nfromb = 155586
NfrombError = 454.313
Ntail = 680.441
NtailError = 47.6908
Nbkg = 273940
NbkgError = 670.352
