bias = -0.00275495
biasError = 0.000114429
sigma1 = 1.88455
sigma1Error = 0.0389908
sigma2 = 0.997573
sigma2Error = 0.00785439
beta = 0.200591
betaError = 0.0137517
tau = 1.29607
tauError = 0.00767128
Nprompt = 135844
NpromptError = 389.345
Nfromb = 35821.3
NfrombError = 210.64
Ntail = 18.8501
NtailError = 8.54222
Nbkg = 14452.7
NbkgError = 171.324
