bias = -0.00349128
biasError = 6.95151e-05
sigma1 = 1.69783
sigma1Error = 0.033681
sigma2 = 0.945593
sigma2Error = 0.00546068
beta = 0.151475
betaError = 0.0114828
tau = 1.3699
tauError = 0.00566688
Nprompt = 272250
NpromptError = 540.465
Nfromb = 72260.2
NfrombError = 293.812
Ntail = 188.45
NtailError = 23.812
Nbkg = 15464.4
NbkgError = 191.026
