bias = 0.0045392
biasError = 0.000100842
sigma1 = 1.95095
sigma1Error = 0.0341005
sigma2 = 0.967834
sigma2Error = 0.0033008
beta = 0.111668
betaError = 0.00577089
tau = 1.4756
tauError = 0.00813496
Nprompt = 585049
NpromptError = 846.233
Nfromb = 66475
NfrombError = 328.458
Ntail = 3985.82
NtailError = 101.304
Nbkg = 185306
NbkgError = 562.175
