bias = -0.00838442
biasError = 7.01422e-05
sigma1 = 1.831
sigma1Error = 0.0313739
sigma2 = 0.989695
sigma2Error = 0.00410151
beta = 0.135918
betaError = 0.00812628
tau = 1.45769
tauError = 0.00530519
Nprompt = 600764
NpromptError = 838.997
Nfromb = 103450
NfrombError = 368.622
Ntail = 277.136
NtailError = 32.1845
Nbkg = 160774
NbkgError = 510.96
