bias = 0.00393941
biasError = 0.000123688
sigma1 = 1.95805
sigma1Error = 0.0422924
sigma2 = 0.950912
sigma2Error = 0.00354541
beta = 0.0950286
betaError = 0.00592562
tau = 1.45406
tauError = 0.0179597
Nprompt = 369597
NpromptError = 633.849
Nfromb = 20619
NfrombError = 199.865
Ntail = 13640
NtailError = 162.125
Nbkg = 23058.3
NbkgError = 229.221
