bias = -0.00314602
biasError = 0.000182874
sigma1 = 2.22309
sigma1Error = 0.188679
sigma2 = 0.974383
sigma2Error = 0.00857095
beta = 0.0469787
betaError = 0.0112374
tau = 1.49562
tauError = 0.0157648
Nprompt = 42195.4
NpromptError = 211.761
Nfromb = 11579.7
NfrombError = 117.528
Ntail = 189.751
NtailError = 20.7871
Nbkg = 1965.32
NbkgError = 70.0515
