bias = -0.011049
biasError = 0.000353573
sigma1 = 2.88538
sigma1Error = 0.121914
sigma2 = 1.14227
sigma2Error = 0.0106998
beta = 0.119534
betaError = 0.0106179
tau = 1.52417
tauError = 0.0260474
Nprompt = 41894.6
NpromptError = 244.05
Nfromb = 5949.01
NfrombError = 99.2607
Ntail = 53.6979
NtailError = 14.0982
Nbkg = 49074.4
NbkgError = 258.327
