bias = -0.00840883
biasError = 0.000198316
sigma1 = 2.1186
sigma1Error = 0.076737
sigma2 = 1.03667
sigma2Error = 0.0101868
beta = 0.15366
betaError = 0.0157911
tau = 1.43122
tauError = 0.0138488
Nprompt = 87388.6
NpromptError = 336.944
Nfromb = 14941.5
NfrombError = 144.503
Ntail = 13.3221
NtailError = 8.61182
Nbkg = 54928.7
NbkgError = 283.198
