bias = 0.00444822
biasError = 0.00032506
sigma1 = 1.93041
sigma1Error = 0.0701447
sigma2 = 0.954684
sigma2Error = 0.0106395
beta = 0.170082
betaError = 0.0179777
tau = 1.47019
tauError = 0.0225592
Nprompt = 65716.4
NpromptError = 301.542
Nfromb = 8199.68
NfrombError = 118.519
Ntail = 228.288
NtailError = 26.1686
Nbkg = 45330.8
NbkgError = 265.969
