bias = 0.000337062
biasError = 0.000119185
sigma1 = 1.71687
sigma1Error = 0.0380605
sigma2 = 0.924025
sigma2Error = 0.00498189
beta = 0.129371
betaError = 0.0101933
tau = 1.52093
tauError = 0.0123904
Nprompt = 268224
NpromptError = 537.883
Nfromb = 27236.7
NfrombError = 196.709
Ntail = 3537.5
NtailError = 85.8226
Nbkg = 13726.4
NbkgError = 185.96
