bias = -0.0101159
biasError = 0.000110622
sigma1 = 2.42788
sigma1Error = 0.0718763
sigma2 = 1.07195
sigma2Error = 0.00462184
beta = 0.0876802
betaError = 0.0062225
tau = 1.54196
tauError = 0.00907761
Nprompt = 345769
NpromptError = 653.709
Nfromb = 48141.4
NfrombError = 268.585
Ntail = 706.49
NtailError = 48.7923
Nbkg = 163919
NbkgError = 492.773
