bias = -0.00065709
biasError = 0.000189648
sigma1 = 1.74384
sigma1Error = 0.053623
sigma2 = 0.938936
sigma2Error = 0.01071
beta = 0.197055
betaError = 0.0207541
tau = 1.29858
tauError = 0.0134595
Nprompt = 75835
NpromptError = 296.395
Nfromb = 12866.3
NfrombError = 131.526
Ntail = 36.8626
NtailError = 11.3099
Nbkg = 10750.3
NbkgError = 150.317
