bias = -0.00261434
biasError = 0.000200647
sigma1 = 2.23525
sigma1Error = 0.0709706
sigma2 = 1.05065
sigma2Error = 0.0104912
beta = 0.158878
betaError = 0.0141013
tau = 1.30039
tauError = 0.0137556
Nprompt = 47420.7
NpromptError = 231.813
Nfromb = 11409.7
NfrombError = 120.002
Ntail = 3.26565
NtailError = 3.23716
Nbkg = 6304.18
NbkgError = 110.429
