bias = -0.000910073
biasError = 0.000308471
sigma1 = 2.27594
sigma1Error = 0.272622
sigma2 = 0.957039
sigma2Error = 0.0126606
beta = 0.048065
betaError = 0.0152907
tau = 1.41582
tauError = 0.0228012
Nprompt = 12737.9
NpromptError = 118.028
Nfromb = 4856.11
NfrombError = 76.7179
Ntail = 81.0966
NtailError = 12.9082
Nbkg = 669.04
NbkgError = 47.8592
