bias = -0.000744276
biasError = 0.000103594
sigma1 = 1.762
sigma1Error = 0.0329545
sigma2 = 0.944851
sigma2Error = 0.00550413
beta = 0.167655
betaError = 0.0107463
tau = 1.33455
tauError = 0.00754199
Nprompt = 243474
NpromptError = 526.377
Nfromb = 42466.6
NfrombError = 237.505
Ntail = 102.583
NtailError = 19.5852
Nbkg = 27197.5
NbkgError = 246.275
