bias = -0.00970007
biasError = 9.24971e-05
sigma1 = 1.81549
sigma1Error = 0.0374388
sigma2 = 0.982858
sigma2Error = 0.00469145
beta = 0.131765
betaError = 0.00946608
tau = 1.54362
tauError = 0.00872411
Nprompt = 474976
NpromptError = 735.322
Nfromb = 54348.9
NfrombError = 279.121
Ntail = 1805.08
NtailError = 71.1909
Nbkg = 103650
NbkgError = 410.601
