bias = -0.00808952
biasError = 6.53719e-05
sigma1 = 1.74963
sigma1Error = 0.0298945
sigma2 = 0.954016
sigma2Error = 0.00346388
beta = 0.116283
betaError = 0.00722638
tau = 1.50158
tauError = 0.00541825
Nprompt = 679209
NpromptError = 869.599
Nfromb = 106080
NfrombError = 369.545
Ntail = 732.684
NtailError = 48.0518
Nbkg = 93407.5
NbkgError = 410.607
