bias = 0.00446667
biasError = 0.000164299
sigma1 = 1.86347
sigma1Error = 0.035215
sigma2 = 0.946822
sigma2Error = 0.00517273
beta = 0.159789
betaError = 0.00922401
tau = 1.45586
tauError = 0.0119912
Nprompt = 235170
NpromptError = 551.685
Nfromb = 28882.7
NfrombError = 219.137
Ntail = 1140.91
NtailError = 55.6862
Nbkg = 114611
NbkgError = 430.227
