bias = -0.00704159
biasError = 0.000132217
sigma1 = 1.37384
sigma1Error = 0.026532
sigma2 = 0.810994
sigma2Error = 0.00771078
beta = 0.236756
betaError = 0.0197003
tau = 1.60981
tauError = 0.0129341
Nprompt = 182283
NpromptError = 441.123
Nfromb = 23091.3
NfrombError = 171.899
Ntail = 789.694
NtailError = 42.8878
Nbkg = 10287.8
NbkgError = 150.506
