bias = 0.00453845
biasError = 8.12046e-05
sigma1 = 1.95785
sigma1Error = 0.028956
sigma2 = 0.96546
sigma2Error = 0.00251957
beta = 0.097318
betaError = 0.00431043
tau = 1.46542
tauError = 0.00785329
Nprompt = 846049
NpromptError = 984.635
Nfromb = 76723.1
NfrombError = 352.974
Ntail = 10284.6
NtailError = 151.757
Nbkg = 136851
NbkgError = 508.709
