bias = -0.00653565
biasError = 0.000282611
sigma1 = 2.23576
sigma1Error = 0.0921699
sigma2 = 1.02841
sigma2Error = 0.0103945
beta = 0.141368
betaError = 0.0147956
tau = 1.51475
tauError = 0.0214535
Nprompt = 65436.9
NpromptError = 309.909
Nfromb = 8856.11
NfrombError = 121.025
Ntail = 111.43
NtailError = 20.2329
Nbkg = 82004.1
NbkgError = 336.247
