bias = -0.0101124
biasError = 0.000177882
sigma1 = 2.20919
sigma1Error = 0.0806662
sigma2 = 1.07539
sigma2Error = 0.00935969
beta = 0.145345
betaError = 0.014521
tau = 1.51624
tauError = 0.0133454
Nprompt = 144477
NpromptError = 437.854
Nfromb = 21311.9
NfrombError = 181.678
Ntail = 204.485
NtailError = 27.2465
Nbkg = 114110
NbkgError = 400.845
