bias = -0.00615262
biasError = 8.67626e-05
sigma1 = 2.2259
sigma1Error = 0.049947
sigma2 = 1.01378
sigma2Error = 0.00333521
beta = 0.0853172
betaError = 0.00491117
tau = 1.5305
tauError = 0.00773306
Nprompt = 554324
NpromptError = 833.605
Nfromb = 70432.9
NfrombError = 327.816
Ntail = 1934.1
NtailError = 75.7051
Nbkg = 287291
NbkgError = 654.203
