bias = -0.00580317
biasError = 0.000154556
sigma1 = 1.91133
sigma1Error = 0.0612116
sigma2 = 0.989042
sigma2Error = 0.00895345
beta = 0.164587
betaError = 0.0162921
tau = 1.38757
tauError = 0.0113952
Nprompt = 136504
NpromptError = 423.752
Nfromb = 21677.9
NfrombError = 175.416
Ntail = 66.9151
NtailError = 16.286
Nbkg = 85832.2
NbkgError = 357.676
