bias = -0.00578376
biasError = 4.86293e-05
sigma1 = 1.84882
sigma1Error = 0.0280886
sigma2 = 0.964913
sigma2Error = 0.00248389
beta = 0.0940415
betaError = 0.00477261
tau = 1.48459
tauError = 0.00437216
Nprompt = 1.12022e+06
NpromptError = 1120.85
Nfromb = 163827
NfrombError = 462.406
Ntail = 1745.9
NtailError = 70.2056
Nbkg = 163652
NbkgError = 546.593
