bias = -0.00210018
biasError = 9.71616e-05
sigma1 = 1.79097
sigma1Error = 0.0456951
sigma2 = 0.962244
sigma2Error = 0.00938041
beta = 0.199716
betaError = 0.0175906
tau = 1.24962
tauError = 0.00687986
Nprompt = 107523
NpromptError = 343.127
Nfromb = 39561.9
NfrombError = 217.322
Ntail = 12.8421
NtailError = 7.64656
Nbkg = 7658.97
NbkgError = 136.08
