bias = -0.00493997
biasError = 0.000116282
sigma1 = 1.7665
sigma1Error = 0.0604223
sigma2 = 0.937792
sigma2Error = 0.00604599
beta = 0.0951784
betaError = 0.0117745
tau = 1.51416
tauError = 0.0111157
Nprompt = 141379
NpromptError = 387.566
Nfromb = 25914.8
NfrombError = 178.622
Ntail = 811.068
NtailError = 42.2792
Nbkg = 6835.98
NbkgError = 126.684
