bias = 0.000624262
biasError = 7.0217e-05
sigma1 = 1.70315
sigma1Error = 0.0225057
sigma2 = 0.940117
sigma2Error = 0.00322161
beta = 0.145508
betaError = 0.00692363
tau = 1.40832
tauError = 0.00518659
Nprompt = 782098
NpromptError = 953.801
Nfromb = 110738
NfrombError = 393.433
Ntail = 1212.36
NtailError = 59.3752
Nbkg = 134401
NbkgError = 510.922
