bias = -0.000337043
biasError = 0.00013867
sigma1 = 2.0317
sigma1Error = 0.0796059
sigma2 = 0.984534
sigma2Error = 0.00829083
beta = 0.108792
betaError = 0.0129337
tau = 1.22298
tauError = 0.00947356
Nprompt = 67573.8
NpromptError = 275.283
Nfromb = 20354
NfrombError = 158.874
Ntail = 4.30365e-06
NtailError = 2.4723
Nbkg = 4425.56
NbkgError = 118.749
