bias = -0.00330835
biasError = 6.66032e-05
sigma1 = 1.76569
sigma1Error = 0.0313766
sigma2 = 0.9626
sigma2Error = 0.00510335
beta = 0.15848
betaError = 0.01011
tau = 1.33375
tauError = 0.00528311
Nprompt = 304209
NpromptError = 575.037
Nfromb = 78621.7
NfrombError = 308.755
Ntail = 93.4504
NtailError = 18.0865
Nbkg = 22226.2
NbkgError = 222.38
