bias = -0.00111041
biasError = 8.78392e-05
sigma1 = 1.89014
sigma1Error = 0.0349265
sigma2 = 1.0082
sigma2Error = 0.00679042
beta = 0.17756
betaError = 0.0117832
tau = 1.33467
tauError = 0.00525188
Nprompt = 162480
NpromptError = 420.964
Nfromb = 77163.9
NfrombError = 302.774
Ntail = 78.9913
NtailError = 14.384
Nbkg = 11172.9
NbkgError = 164.565
