bias = -0.0029078
biasError = 8.65508e-05
sigma1 = 1.69676
sigma1Error = 0.0341971
sigma2 = 0.961654
sigma2Error = 0.00635752
beta = 0.172193
betaError = 0.0135115
tau = 1.37023
tauError = 0.00599944
Nprompt = 226516
NpromptError = 495.061
Nfromb = 64858.1
NfrombError = 280.046
Ntail = 107.448
NtailError = 18.3421
Nbkg = 14525.6
NbkgError = 181.968
