bias = -0.00106771
biasError = 0.000132166
sigma1 = 1.7734
sigma1Error = 0.0599422
sigma2 = 0.960206
sigma2Error = 0.00929926
beta = 0.156516
betaError = 0.0185667
tau = 1.2702
tauError = 0.00939442
Nprompt = 106726
NpromptError = 344.394
Nfromb = 23525.6
NfrombError = 172.811
Ntail = 41.7599
NtailError = 12.3633
Nbkg = 7206.06
NbkgError = 139.275
