bias = -0.0052331
biasError = 6.7151e-05
sigma1 = 1.63959
sigma1Error = 0.0248987
sigma2 = 0.938095
sigma2Error = 0.00426999
beta = 0.157549
betaError = 0.00957897
tau = 1.42649
tauError = 0.00504776
Nprompt = 480025
NpromptError = 723.663
Nfromb = 101854
NfrombError = 354.105
Ntail = 207.947
NtailError = 26.2704
Nbkg = 40833.9
NbkgError = 290.26
