bias = -0.0036056
biasError = 0.000166981
sigma1 = 1.90657
sigma1Error = 0.0603445
sigma2 = 0.970846
sigma2Error = 0.0120207
beta = 0.20131
betaError = 0.0199657
tau = 1.25793
tauError = 0.0126727
Nprompt = 53802.3
NpromptError = 245.122
Nfromb = 12515.5
NfrombError = 124.635
Ntail = 10.466
NtailError = 6.62983
Nbkg = 5789.03
NbkgError = 109.086
