bias = -0.00147884
biasError = 0.000235644
sigma1 = 1.63819
sigma1Error = 0.104989
sigma2 = 0.931873
sigma2Error = 0.0145078
beta = 0.126666
betaError = 0.032657
tau = 1.41375
tauError = 0.0190784
Nprompt = 31276.6
NpromptError = 183.655
Nfromb = 7315.86
NfrombError = 95.3058
Ntail = 191.419
NtailError = 20.1895
Nbkg = 1409.85
NbkgError = 65.9397
