bias = -0.00317762
biasError = 0.000228991
sigma1 = 1.50067
sigma1Error = 0.0815964
sigma2 = 0.905676
sigma2Error = 0.0180735
beta = 0.181051
betaError = 0.0456388
tau = 1.4965
tauError = 0.0165104
Nprompt = 34543.6
NpromptError = 192.134
Nfromb = 10428.5
NfrombError = 111.663
Ntail = 111.951
NtailError = 15.9095
Nbkg = 1799.17
NbkgError = 66.6878
