bias = -0.0011154
biasError = 7.83705e-05
sigma1 = 1.99572
sigma1Error = 0.0335437
sigma2 = 1.04004
sigma2Error = 0.00644792
beta = 0.188048
betaError = 0.0105059
tau = 1.2946
tauError = 0.00467688
Nprompt = 208448
NpromptError = 479.022
Nfromb = 92179.6
NfrombError = 332.454
Ntail = 26.056
NtailError = 10.0629
Nbkg = 16040.1
NbkgError = 194.38
