bias = -0.00101194
biasError = 9.13939e-05
sigma1 = 1.80626
sigma1Error = 0.0394978
sigma2 = 0.953509
sigma2Error = 0.00517793
beta = 0.129651
betaError = 0.00975884
tau = 1.31043
tauError = 0.00678238
Nprompt = 211874
NpromptError = 483.106
Nfromb = 47596.2
NfrombError = 244.525
Ntail = 74.7995
NtailError = 17.4578
Nbkg = 12877.1
NbkgError = 189.694
