bias = -0.000984643
biasError = 6.97108e-05
sigma1 = 1.71121
sigma1Error = 0.0251711
sigma2 = 0.937295
sigma2Error = 0.00393744
beta = 0.155632
betaError = 0.0081986
tau = 1.35498
tauError = 0.00522499
Nprompt = 510667
NpromptError = 755.435
Nfromb = 91037.8
NfrombError = 343.952
Ntail = 342.526
NtailError = 34.9401
Nbkg = 43639
NbkgError = 321.093
