bias = -0.00590763
biasError = 7.1164e-05
sigma1 = 2.32929
sigma1Error = 0.0463083
sigma2 = 1.00616
sigma2Error = 0.00221421
beta = 0.0590467
betaError = 0.00289634
tau = 1.54476
tauError = 0.00746073
Nprompt = 775127
NpromptError = 945.697
Nfromb = 81325.5
NfrombError = 347.297
Ntail = 4661.89
NtailError = 109.831
Nbkg = 182782
NbkgError = 549.127
