bias = -0.00464936
biasError = 5.02107e-05
sigma1 = 1.7047
sigma1Error = 0.0235216
sigma2 = 0.950341
sigma2Error = 0.00329979
beta = 0.136073
betaError = 0.00707467
tau = 1.40704
tauError = 0.00431229
Nprompt = 709926
NpromptError = 878.4
Nfromb = 138719
NfrombError = 413.454
Ntail = 720.933
NtailError = 45.868
Nbkg = 56505.3
NbkgError = 344.776
