bias = -0.00590867
biasError = 9.61807e-05
sigma1 = 1.57812
sigma1Error = 0.03258
sigma2 = 0.902744
sigma2Error = 0.00519193
beta = 0.146748
betaError = 0.0121984
tau = 1.56092
tauError = 0.0105074
Nprompt = 306704
NpromptError = 572.533
Nfromb = 35879.1
NfrombError = 217.085
Ntail = 2472.79
NtailError = 74.1534
Nbkg = 18368.5
NbkgError = 199.244
