bias = -0.00576524
biasError = 8.18679e-05
sigma1 = 1.8635
sigma1Error = 0.038667
sigma2 = 0.984052
sigma2Error = 0.0047278
beta = 0.135923
betaError = 0.00916641
tau = 1.44568
tauError = 0.00644597
Nprompt = 442332
NpromptError = 741.744
Nfromb = 71397.1
NfrombError = 312.171
Ntail = 222.17
NtailError = 29.1931
Nbkg = 193884
NbkgError = 548.046
