bias = -0.00799614
biasError = 0.000148396
sigma1 = 1.35078
sigma1Error = 0.0178694
sigma2 = 0.745841
sigma2Error = 0.00709292
beta = 0.313468
betaError = 0.0155842
tau = 1.63007
tauError = 0.0209718
Nprompt = 194626
NpromptError = 455.873
Nfromb = 13264.5
NfrombError = 140.439
Ntail = 2223.37
NtailError = 70.0457
Nbkg = 13511.5
NbkgError = 163.119
