bias = -0.00123169
biasError = 0.000149763
sigma1 = 1.90237
sigma1Error = 0.0721098
sigma2 = 0.940004
sigma2Error = 0.00622195
beta = 0.0893206
betaError = 0.0106302
tau = 1.46315
tauError = 0.0139287
Nprompt = 108708
NpromptError = 341.945
Nfromb = 16845.9
NfrombError = 148.053
Ntail = 969.276
NtailError = 45.5632
Nbkg = 4638.87
NbkgError = 114.363
