bias = -0.00234096
biasError = 7.85294e-05
sigma1 = 1.68952
sigma1Error = 0.0449406
sigma2 = 0.947827
sigma2Error = 0.00772773
beta = 0.157815
betaError = 0.0164077
tau = 1.32081
tauError = 0.00563595
Nprompt = 154366
NpromptError = 408.422
Nfromb = 65034.3
NfrombError = 276.07
Ntail = 74.3431
NtailError = 14.5537
Nbkg = 9670.44
NbkgError = 155.515
