bias = -0.00211637
biasError = 0.000168858
sigma1 = 2.09823
sigma1Error = 0.083642
sigma2 = 0.998293
sigma2Error = 0.0128665
beta = 0.168961
betaError = 0.018852
tau = 1.22758
tauError = 0.0119098
Nprompt = 37969.6
NpromptError = 204.614
Nfromb = 12866.1
NfrombError = 125.366
Ntail = 3.55384
NtailError = 3.52185
Nbkg = 2745.65
NbkgError = 81.2907
