bias = -0.00125569
biasError = 0.000265987
sigma1 = 1.51257
sigma1Error = 0.12528
sigma2 = 0.949985
sigma2Error = 0.0346326
beta = 0.218541
betaError = 0.0897707
tau = 1.45966
tauError = 0.0163026
Nprompt = 18894.1
NpromptError = 142.739
Nfromb = 9808.58
NfrombError = 107.484
Ntail = 69.1608
NtailError = 12.3108
Nbkg = 1314.21
NbkgError = 56.3558
