bias = -0.00532594
biasError = 0.000173994
sigma1 = 2.02451
sigma1Error = 0.0631306
sigma2 = 1.01082
sigma2Error = 0.00999053
beta = 0.174209
betaError = 0.0160124
tau = 1.31293
tauError = 0.011935
Nprompt = 82111.1
NpromptError = 313.763
Nfromb = 16345.8
NfrombError = 146.556
Ntail = 28.8749
NtailError = 9.95732
Nbkg = 23195.6
NbkgError = 195.325
