bias = -0.00854238
biasError = 0.000106381
sigma1 = 2.06834
sigma1Error = 0.0490842
sigma2 = 1.02602
sigma2Error = 0.00526219
beta = 0.122311
betaError = 0.00859902
tau = 1.43172
tauError = 0.00769406
Nprompt = 277460
NpromptError = 584.22
Nfromb = 48309
NfrombError = 256.173
Ntail = 81.332
NtailError = 18.7027
Nbkg = 119266
NbkgError = 425.066
