bias = -0.0035447
biasError = 9.43279e-05
sigma1 = 1.77105
sigma1Error = 0.0396912
sigma2 = 0.965581
sigma2Error = 0.00747616
beta = 0.185075
betaError = 0.014591
tau = 1.28441
tauError = 0.00721998
Nprompt = 157432
NpromptError = 416.91
Nfromb = 39451.7
NfrombError = 219.956
Ntail = 31.4396
NtailError = 9.9889
Nbkg = 14600.5
NbkgError = 175.879
