bias = 0.00068708
biasError = 0.000109146
sigma1 = 1.6998
sigma1Error = 0.0325733
sigma2 = 0.944358
sigma2Error = 0.00533045
beta = 0.166782
betaError = 0.0114859
tau = 1.39826
tauError = 0.00765473
Nprompt = 343760
NpromptError = 643.993
Nfromb = 49992.1
NfrombError = 266.695
Ntail = 339.005
NtailError = 33.7581
Nbkg = 86546.9
NbkgError = 395.84
