bias = 0.000666186
biasError = 6.31395e-05
sigma1 = 1.72028
sigma1Error = 0.0169908
sigma2 = 0.936232
sigma2Error = 0.00226161
beta = 0.12841
betaError = 0.0045247
tau = 1.43916
tauError = 0.00525634
Nprompt = 928763
NpromptError = 1018.52
Nfromb = 117429
NfrombError = 402.487
Ntail = 2925.16
NtailError = 86.4473
Nbkg = 95099.4
NbkgError = 451.423
