bias = -0.00538123
biasError = 6.67723e-05
sigma1 = 1.72797
sigma1Error = 0.0250657
sigma2 = 0.958972
sigma2Error = 0.00442227
beta = 0.172557
betaError = 0.00915721
tau = 1.37833
tauError = 0.00481912
Nprompt = 487485
NpromptError = 740.648
Nfromb = 105689
NfrombError = 363.985
Ntail = 140.531
NtailError = 23.683
Nbkg = 68188.9
NbkgError = 356.656
