bias = -0.00521184
biasError = 9.67627e-05
sigma1 = 1.85381
sigma1Error = 0.0368589
sigma2 = 0.987244
sigma2Error = 0.00617128
beta = 0.171745
betaError = 0.0114715
tau = 1.35548
tauError = 0.00685272
Nprompt = 245148
NpromptError = 532.695
Nfromb = 51322.4
NfrombError = 255.818
Ntail = 53.6151
NtailError = 13.8471
Nbkg = 48815.2
NbkgError = 292.425
