bias = -0.0062072
biasError = 0.000142004
sigma1 = 2.32265
sigma1Error = 0.0703583
sigma2 = 1.03195
sigma2Error = 0.00498036
beta = 0.0920426
betaError = 0.00685547
tau = 1.50935
tauError = 0.011461
Nprompt = 228044
NpromptError = 555.644
Nfromb = 31080.4
NfrombError = 222.076
Ntail = 564.684
NtailError = 43.2361
Nbkg = 194257
NbkgError = 525.199
