bias = -0.000867778
biasError = 0.000242136
sigma1 = 2.29861
sigma1Error = 0.16719
sigma2 = 0.993981
sigma2Error = 0.014379
beta = 0.100677
betaError = 0.0187676
tau = 1.18415
tauError = 0.0168938
Nprompt = 22601.7
NpromptError = 159.518
Nfromb = 6232.84
NfrombError = 88.6975
Ntail = 11.1012
NtailError = 6.38138
Nbkg = 1344.31
NbkgError = 66.9353
