bias = -0.000944097
biasError = 9.35151e-05
sigma1 = 1.74922
sigma1Error = 0.0388904
sigma2 = 0.941237
sigma2Error = 0.00518547
beta = 0.125907
betaError = 0.0101622
tau = 1.34765
tauError = 0.00724113
Nprompt = 195991
NpromptError = 461.889
Nfromb = 44129.6
NfrombError = 233.859
Ntail = 146.046
NtailError = 20.5753
Nbkg = 10017.7
NbkgError = 170.064
