bias = -0.00104591
biasError = 6.77297e-05
sigma1 = 1.67622
sigma1Error = 0.0232309
sigma2 = 0.932622
sigma2Error = 0.00362842
beta = 0.147063
betaError = 0.00771843
tau = 1.3789
tauError = 0.00536403
Nprompt = 526543
NpromptError = 758.439
Nfromb = 89879.7
NfrombError = 340.103
Ntail = 742.865
NtailError = 44.9192
Nbkg = 32939.7
NbkgError = 287.587
