bias = -0.00075126
biasError = 9.88468e-05
sigma1 = 1.75456
sigma1Error = 0.0493335
sigma2 = 0.953083
sigma2Error = 0.0074922
beta = 0.144254
betaError = 0.0148854
tau = 1.26349
tauError = 0.00691188
Nprompt = 127947
NpromptError = 376.731
Nfromb = 41241.1
NfrombError = 224.555
Ntail = 8.5979e-05
NtailError = 1.34205
Nbkg = 7715.87
NbkgError = 156.848
