bias = -0.00205753
biasError = 7.07896e-05
sigma1 = 1.70583
sigma1Error = 0.0411842
sigma2 = 0.957452
sigma2Error = 0.00805788
beta = 0.185181
betaError = 0.0169612
tau = 1.28178
tauError = 0.00504383
Nprompt = 194797
NpromptError = 460.533
Nfromb = 76924.6
NfrombError = 301.874
Ntail = 52.0397
NtailError = 13.7391
Nbkg = 13477.6
NbkgError = 181.695
