bias = -0.00464204
biasError = 5.07116e-05
sigma1 = 1.78078
sigma1Error = 0.0243807
sigma2 = 0.96452
sigma2Error = 0.00337065
beta = 0.142509
betaError = 0.00679117
tau = 1.37026
tauError = 0.00413231
Nprompt = 712288
NpromptError = 892.107
Nfromb = 143413
NfrombError = 424.061
Ntail = 283.368
NtailError = 32.5895
Nbkg = 88907.3
NbkgError = 413.857
