bias = -0.00111496
biasError = 0.000758599
sigma1 = 0.945733
sigma1Error = 0.019879
sigma2 = 3.26792
sigma2Error = 0.457298
beta = 0.931519
betaError = 0.0160144
tau = 1.52667
tauError = 0.0595703
Nprompt = 3491.11
NpromptError = 70.0695
Nfromb = 997.312
NfrombError = 40.3341
Ntail = 5.85585
NtailError = 3.97122
Nbkg = 2346.6
NbkgError = 64.6219
