bias = -0.00447623
biasError = 0.00047401
sigma1 = 1.9312
sigma1Error = 0.209326
sigma2 = 0.914377
sigma2Error = 0.0221648
beta = 0.13915
betaError = 0.0383646
tau = 1.5368
tauError = 0.0374891
Nprompt = 11245.3
NpromptError = 135.33
Nfromb = 2814.85
NfrombError = 67.7336
Ntail = 44.4014
NtailError = 11.268
Nbkg = 18267.9
NbkgError = 162.796
