bias = -0.00828453
biasError = 0.000736548
sigma1 = 1.81424
sigma1Error = 0.132334
sigma2 = 0.841312
sigma2Error = 0.0282173
beta = 0.2477
betaError = 0.0458261
tau = 1.60939
tauError = 0.0414732
Nprompt = 10910
NpromptError = 169.62
Nfromb = 2827.16
NfrombError = 75.7201
Ntail = 10.9631
NtailError = 6.47233
Nbkg = 64888.7
NbkgError = 291.237
