bias = -0.000305201
biasError = 0.000640143
sigma1 = 2.08177
sigma1Error = 0.194761
sigma2 = 0.8901
sigma2Error = 0.017603
beta = 0.121153
betaError = 0.0265424
tau = 1.43241
tauError = 0.03736
Nprompt = 14798.2
NpromptError = 190.053
Nfromb = 3308.18
NfrombError = 88.1656
Ntail = 67.6698
NtailError = 14.1029
Nbkg = 54242.4
NbkgError = 280.878
