bias = -0.00452262
biasError = 0.000475658
sigma1 = 1.65355
sigma1Error = 0.17359
sigma2 = 0.88885
sigma2Error = 0.0341977
beta = 0.231521
betaError = 0.0739762
tau = 1.50229
tauError = 0.0316418
Nprompt = 12577.8
NpromptError = 156.384
Nfromb = 3661.84
NfrombError = 78.191
Ntail = 19.5565
NtailError = 8.00643
Nbkg = 34512.7
NbkgError = 219.399
