bias = -0.00610521
biasError = 0.000793414
sigma1 = 0.763173
sigma1Error = 0.0652903
sigma2 = 1.33063
sigma2Error = 0.0939343
beta = 0.472908
betaError = 0.122033
tau = 1.61285
tauError = 0.0378971
Nprompt = 12336.2
NpromptError = 214.57
Nfromb = 3609.75
NfrombError = 89.2122
Ntail = 25.3496
NtailError = 9.36416
Nbkg = 117727
NbkgError = 393.948
