bias = -0.000419324
biasError = 0.000590075
sigma1 = 0.896183
sigma1Error = 0.0351456
sigma2 = 1.83966
sigma2Error = 0.349482
beta = 0.853388
betaError = 0.0702265
tau = 1.55203
tauError = 0.0435051
Nprompt = 9218.29
NpromptError = 128.599
Nfromb = 2259.86
NfrombError = 64.2007
Ntail = 15.9693
NtailError = 7.02179
Nbkg = 14783
NbkgError = 152.924
