bias = 0.000988435
biasError = 0.00116723
sigma1 = 1.80733
sigma1Error = 0.15311
sigma2 = 0.78296
sigma2Error = 0.0357601
beta = 0.278613
betaError = 0.055463
tau = 1.4959
tauError = 0.0561804
Nprompt = 5896.75
NpromptError = 143.106
Nfromb = 1614.48
NfrombError = 62.873
Ntail = 24.1342
NtailError = 8.79799
Nbkg = 38036.1
NbkgError = 233.609
