bias = -1.11132e-05
biasError = 0.000731603
sigma1 = 2.67973
sigma1Error = 0.94963
sigma2 = 0.939347
sigma2Error = 0.0350687
beta = 0.0903688
betaError = 0.0458461
tau = 1.52637
tauError = 0.0487188
Nprompt = 6833.81
NpromptError = 120.278
Nfromb = 1752.04
NfrombError = 57.699
Ntail = 3.17523
NtailError = 3.17723
Nbkg = 14284.4
NbkgError = 149.739
