bias = -0.00118712
biasError = 0.00060103
sigma1 = 0.932305
sigma1Error = 0.0198584
sigma2 = 2.16425
sigma2Error = 0.310924
beta = 0.908513
betaError = 0.0291406
tau = 1.49902
tauError = 0.0463772
Nprompt = 8408.6
NpromptError = 115.063
Nfromb = 1861.04
NfrombError = 57.9121
Ntail = 19.9692
NtailError = 8.79227
Nbkg = 9423.52
NbkgError = 123.946
