bias = -0.00383003
biasError = 0.000536469
sigma1 = 3.45545
sigma1Error = 0.609698
sigma2 = 0.995228
sigma2Error = 0.0199312
beta = 0.0489996
betaError = 0.0151853
tau = 1.47101
tauError = 0.0393905
Nprompt = 3864.72
NpromptError = 73.8249
Nfromb = 1970.88
NfrombError = 52.6302
Ntail = 2.34902
NtailError = 4.98126
Nbkg = 3113.95
NbkgError = 71.9536
