bias = -0.00492275
biasError = 0.000489743
sigma1 = 1.56879
sigma1Error = 0.169795
sigma2 = 0.834888
sigma2Error = 0.0368574
beta = 0.255618
betaError = 0.0826541
tau = 1.50098
tauError = 0.0347636
Nprompt = 18946.9
NpromptError = 200.93
Nfromb = 3753.18
NfrombError = 87.613
Ntail = 77.495
NtailError = 15.4976
Nbkg = 64995.9
NbkgError = 298.565
