bias = -0.0014836
biasError = 0.000256997
sigma1 = 0.0162268
sigma1Error = 0.00993817
sigma2 = 1.0565
sigma2Error = 0.0373563
beta = 0.0171411
betaError = 0.00856329
tau = 1.20182
tauError = 0.0739348
Nprompt = 887.177
NpromptError = 36.4295
Nfromb = 375.835
NfrombError = 24.1636
Ntail = 1.72533e-09
NtailError = 0.911268
Nbkg = 828.989
NbkgError = 38.6955
