bias = -0.00175608
biasError = 0.000769787
sigma1 = 3.29084
sigma1Error = 0.598532
sigma2 = 0.938967
sigma2Error = 0.0208363
beta = 0.0658034
betaError = 0.0168925
tau = 1.49326
tauError = 0.054332
Nprompt = 3600.93
NpromptError = 71.5657
Nfromb = 1168.05
NfrombError = 42.3292
Ntail = 5.29246
NtailError = 4.36376
Nbkg = 3350.86
NbkgError = 71.7815
