bias = 0.000350251
biasError = 0.00076834
sigma1 = 0.968089
sigma1Error = 0.028209
sigma2 = 3.72025
sigma2Error = 1.35134
beta = 0.945166
betaError = 0.0222297
tau = 1.34835
tauError = 0.0520172
Nprompt = 2446.37
NpromptError = 61.3159
Nfromb = 1037.88
NfrombError = 39.8905
Ntail = 5.77547
NtailError = 4.02286
Nbkg = 1624.02
NbkgError = 57.3713
