bias = -0.00567106
biasError = 0.000649746
sigma1 = 1.6538
sigma1Error = 0.17392
sigma2 = 0.881931
sigma2Error = 0.0366292
beta = 0.231095
betaError = 0.0754674
tau = 1.53968
tauError = 0.0373267
Nprompt = 8238.13
NpromptError = 124.327
Nfromb = 2652.76
NfrombError = 64.9111
Ntail = 8.2742
NtailError = 5.08378
Nbkg = 22448.1
NbkgError = 175.211
