bias = -0.00309484
biasError = 0.000588388
sigma1 = 3.42168
sigma1Error = 0.501998
sigma2 = 0.960186
sigma2Error = 0.017435
beta = 0.0632428
betaError = 0.0137258
tau = 1.45086
tauError = 0.0468725
Nprompt = 4790.52
NpromptError = 82.1911
Nfromb = 1518.68
NfrombError = 48.8128
Ntail = 13.4114
NtailError = 6.28159
Nbkg = 3858.35
NbkgError = 78.6299
