bias = -0.00537024
biasError = 0.000960097
sigma1 = 2.23246
sigma1Error = 0.308197
sigma2 = 0.911509
sigma2Error = 0.03991
beta = 0.175737
betaError = 0.0521306
tau = 1.4529
tauError = 0.0599879
Nprompt = 2611.65
NpromptError = 67.2233
Nfromb = 958.14
NfrombError = 38.4268
Ntail = 7.23664
NtailError = 4.29991
Nbkg = 5334.95
NbkgError = 86.7617
