bias = -0.00245199
biasError = 0.000881857
sigma1 = 1.80633
sigma1Error = 0.23161
sigma2 = 0.875702
sigma2Error = 0.0304278
beta = 0.168797
betaError = 0.0575548
tau = 1.57019
tauError = 0.0470268
Nprompt = 9762.83
NpromptError = 170.767
Nfromb = 2502.95
NfrombError = 76.7296
Ntail = 38.2369
NtailError = 13.0068
Nbkg = 50925.2
NbkgError = 270.459
