bias = -0.00616722
biasError = 0.00150122
sigma1 = 2.26561
sigma1Error = 0.186724
sigma2 = 0.736669
sigma2Error = 0.0408304
beta = 0.325763
betaError = 0.0461789
tau = 1.65959
tauError = 0.0626962
Nprompt = 4626.5
NpromptError = 163.754
Nfromb = 1402.11
NfrombError = 59.2754
Ntail = 2.79274e-07
NtailError = 1.7389
Nbkg = 68087
NbkgError = 303.347
