bias = -0.00546406
biasError = 0.000582487
sigma1 = 1.27215
sigma1Error = 0.0797246
sigma2 = 0.736938
sigma2Error = 0.0689061
beta = 0.579828
betaError = 0.122168
tau = 1.55858
tauError = 0.0371065
Nprompt = 9426.9
NpromptError = 143.571
Nfromb = 2895.99
NfrombError = 70.2651
Ntail = 12.4052
NtailError = 6.94067
Nbkg = 34988.1
NbkgError = 219.049
