bias = -0.00673122
biasError = 0.000776902
sigma1 = 1.55086
sigma1Error = 0.242195
sigma2 = 0.845518
sigma2Error = 0.076546
beta = 0.336432
betaError = 0.160163
tau = 1.56662
tauError = 0.0434579
Nprompt = 6444.2
NpromptError = 118.986
Nfromb = 2121.7
NfrombError = 59.5632
Ntail = 7.72945
NtailError = 5.70849
Nbkg = 24003.1
NbkgError = 180.585
