bias = -0.00641929
biasError = 0.00134815
sigma1 = 3.45673
sigma1Error = 0.509082
sigma2 = 0.97495
sigma2Error = 0.0362903
beta = 0.111258
betaError = 0.0298976
tau = 1.37531
tauError = 0.0779508
Nprompt = 1606.32
NpromptError = 56.9503
Nfromb = 670.364
NfrombError = 34.0576
Ntail = 9.10329
NtailError = 6.17114
Nbkg = 4112.39
NbkgError = 76.5146
