bias = -0.00651048
biasError = 0.00103963
sigma1 = 2.06273
sigma1Error = 0.297182
sigma2 = 0.878559
sigma2Error = 0.0428169
beta = 0.209557
betaError = 0.0641488
tau = 1.60786
tauError = 0.0596959
Nprompt = 3558.75
NpromptError = 99.3917
Nfromb = 1257.64
NfrombError = 46.5907
Ntail = 9.66093
NtailError = 5.65246
Nbkg = 20815.3
NbkgError = 166.616
