bias = -0.00903149
biasError = 0.0012049
sigma1 = 0.940328
sigma1Error = 0.0263519
sigma2 = 2.5
sigma2Error = 0.121467
beta = 0.913606
betaError = 0.025521
tau = 1.76507
tauError = 0.0620518
Nprompt = 9124.19
NpromptError = 226.323
Nfromb = 2318.04
NfrombError = 86.9557
Ntail = 57.5012
NtailError = 17.3164
Nbkg = 161190
NbkgError = 456.283
