bias = -0.00663733
biasError = 0.000658372
sigma1 = 1.47049
sigma1Error = 0.154174
sigma2 = 0.801155
sigma2Error = 0.0392521
beta = 0.264975
betaError = 0.0907176
tau = 1.48165
tauError = 0.0440731
Nprompt = 11054.9
NpromptError = 145.49
Nfromb = 2209.82
NfrombError = 65.249
Ntail = 40.4423
NtailError = 11.0814
Nbkg = 32909
NbkgError = 210.613
