bias = -0.0106274
biasError = 0.0010762
sigma1 = 1.73287
sigma1Error = 0.140565
sigma2 = 0.869342
sigma2Error = 0.0429274
beta = 0.317771
betaError = 0.0720417
tau = 1.65539
tauError = 0.0570645
Nprompt = 9358.6
NpromptError = 183.513
Nfromb = 2044.11
NfrombError = 77.4586
Ntail = 25.4076
NtailError = 9.78555
Nbkg = 101540
NbkgError = 359.394
