bias = -0.0127348
biasError = 0.00143027
sigma1 = 1.68166
sigma1Error = 0.187669
sigma2 = 0.791687
sigma2Error = 0.0665004
beta = 0.360243
betaError = 0.103182
tau = 1.57655
tauError = 0.0557676
Nprompt = 4425.73
NpromptError = 137.832
Nfromb = 1526.84
NfrombError = 57.3136
Ntail = 10.0833
NtailError = 5.66985
Nbkg = 55710.4
NbkgError = 267.665
