bias = -0.0110159
biasError = 0.00285787
sigma1 = 1.66682
sigma1Error = 0.129161
sigma2 = 0.573312
sigma2Error = 0.0683128
beta = 0.607708
betaError = 0.0757649
tau = 1.68806
tauError = 0.0890055
Nprompt = 2929.78
NpromptError = 164.936
Nfromb = 957.009
NfrombError = 57.9671
Ntail = 10.6058
NtailError = 8.64123
Nbkg = 89071.6
NbkgError = 339.733
