bias = -0.00328038
biasError = 0.000818764
sigma1 = 0.62106
sigma1Error = 0.131353
sigma2 = 1.25039
sigma2Error = 0.117517
beta = 0.342587
betaError = 0.16304
tau = 1.4391
tauError = 0.0607579
Nprompt = 1603.01
NpromptError = 47.9121
Nfromb = 780.82
NfrombError = 33.3135
Ntail = 0.511186
NtailError = 3.86374
Nbkg = 1707.56
NbkgError = 52.0715
