bias = 0.00377036
biasError = 0.000855466
sigma1 = 1.37239
sigma1Error = 0.118199
sigma2 = 0.855013
sigma2Error = 0.0477232
beta = 0.356185
betaError = 0.124143
tau = 1.58107
tauError = 0.0534558
Nprompt = 14938
NpromptError = 213.806
Nfromb = 2677.65
NfrombError = 96.3074
Ntail = 176.387
NtailError = 25.5396
Nbkg = 96006
NbkgError = 365.363
