bias = -0.00529826
biasError = 0.000594616
sigma1 = 2.16803
sigma1Error = 0.228985
sigma2 = 0.933562
sigma2Error = 0.0274704
beta = 0.153903
betaError = 0.0377296
tau = 1.48039
tauError = 0.0439245
Nprompt = 5010.89
NpromptError = 88.565
Nfromb = 1772.76
NfrombError = 51.7772
Ntail = 14.2109
NtailError = 6.46098
Nbkg = 7184.31
NbkgError = 103.227
