bias = -0.00130894
biasError = 0.00056826
sigma1 = 2.83994
sigma1Error = 0.600702
sigma2 = 1.0229
sigma2Error = 0.0268094
beta = 0.0776378
betaError = 0.0276112
tau = 1.44889
tauError = 0.0337444
Nprompt = 4602.74
NpromptError = 81.0414
Nfromb = 2521.23
NfrombError = 59.3691
Ntail = 3.55002
NtailError = 3.36535
Nbkg = 3809.47
NbkgError = 78.6984
