bias = -0.00253575
biasError = 0.000828414
sigma1 = 0.914105
sigma1Error = 0.0372354
sigma2 = 2.34704
sigma2Error = 0.653812
beta = 0.900031
betaError = 0.0496007
tau = 1.42822
tauError = 0.0562935
Nprompt = 2021.11
NpromptError = 54.2675
Nfromb = 918.91
NfrombError = 36.8161
Ntail = 5.4357
NtailError = 4.15897
Nbkg = 1390.58
NbkgError = 51.8643
