bias = -0.0013039
biasError = 0.000988993
sigma1 = 2.26155
sigma1Error = 0.348665
sigma2 = 0.941737
sigma2Error = 0.0576858
beta = 0.22799
betaError = 0.0726984
tau = 1.37369
tauError = 0.051472
Nprompt = 1707.9
NpromptError = 51.6103
Nfromb = 1007.09
NfrombError = 37.978
Ntail = 2.80877
NtailError = 3.0045
Nbkg = 2150.2
NbkgError = 57.9656
