bias = -0.00111657
biasError = 0.000967823
sigma1 = 2.27888
sigma1Error = 1.01077
sigma2 = 0.899028
sigma2Error = 0.0636749
beta = 0.130449
betaError = 0.0968754
tau = 1.60075
tauError = 0.0637332
Nprompt = 4112.06
NpromptError = 99.0342
Nfromb = 1155.72
NfrombError = 48.0503
Ntail = 1.80045
NtailError = 3.63621
Nbkg = 10418.4
NbkgError = 127.299
