bias = -0.00312454
biasError = 0.000677033
sigma1 = 2.2026
sigma1Error = 0.250486
sigma2 = 0.949976
sigma2Error = 0.0248253
beta = 0.121287
betaError = 0.0331117
tau = 1.43341
tauError = 0.0421638
Nprompt = 4917.26
NpromptError = 85.9276
Nfromb = 1781.91
NfrombError = 51.641
Ntail = 9.95239
NtailError = 4.91995
Nbkg = 6286.03
NbkgError = 96.3262
