bias = -0.00113142
biasError = 0.00252006
sigma1 = 0.680973
sigma1Error = 0.051531
sigma2 = 2.28434
sigma2Error = 0.300628
beta = 0.700277
betaError = 0.0625152
tau = 1.6237
tauError = 0.100397
Nprompt = 2641.23
NpromptError = 132.945
Nfromb = 757.841
NfrombError = 55.2006
Ntail = 24.5734
NtailError = 9.58698
Nbkg = 42600.5
NbkgError = 244.414
