bias = 0.00230678
biasError = 0.00132008
sigma1 = 1.41881
sigma1Error = 0.165358
sigma2 = 0.791719
sigma2Error = 0.0864987
beta = 0.451888
betaError = 0.167686
tau = 1.49257
tauError = 0.0550765
Nprompt = 8844.48
NpromptError = 193.288
Nfromb = 2169.22
NfrombError = 87.3569
Ntail = 126.592
NtailError = 19.8517
Nbkg = 87149.2
NbkgError = 347.281
