bias = -0.00212566
biasError = 0.00129166
sigma1 = 2.4819
sigma1Error = 0.581113
sigma2 = 0.930162
sigma2Error = 0.0379026
beta = 0.111479
betaError = 0.0465625
tau = 1.55744
tauError = 0.0775055
Nprompt = 2470.79
NpromptError = 75.3859
Nfromb = 714.075
NfrombError = 36.6406
Ntail = 5.28805
NtailError = 3.59775
Nbkg = 7104.26
NbkgError = 103.6
