bias = -0.00543981
biasError = 0.000706263
sigma1 = 3.06921
sigma1Error = 0.37282
sigma2 = 0.981521
sigma2Error = 0.0277537
beta = 0.117771
betaError = 0.0247599
tau = 1.5315
tauError = 0.0510512
Nprompt = 2602.72
NpromptError = 61.6818
Nfromb = 1307.44
NfrombError = 43.382
Ntail = 7.27786
NtailError = 5.21403
Nbkg = 2337.36
NbkgError = 62.6067
