bias = -0.00874477
biasError = 0.00111705
sigma1 = 0.940134
sigma1Error = 0.0589572
sigma2 = 1.95608
sigma2Error = 0.484671
beta = 0.837815
betaError = 0.102453
tau = 1.54534
tauError = 0.049664
Nprompt = 3681.42
NpromptError = 97.3653
Nfromb = 1515.45
NfrombError = 50.1133
Ntail = 3.51887
NtailError = 3.25042
Nbkg = 20058.6
NbkgError = 162.555
