bias = -0.00328276
biasError = 0.000796116
sigma1 = 0.900173
sigma1Error = 0.0874899
sigma2 = 1.56294
sigma2Error = 0.21824
beta = 0.655398
betaError = 0.175847
tau = 1.47745
tauError = 0.0448265
Nprompt = 4019.23
NpromptError = 81.0024
Nfromb = 1616.88
NfrombError = 48.6004
Ntail = 0.420874
NtailError = 1.65962
Nbkg = 6875.82
NbkgError = 99.4847
