bias = -0.00728006
biasError = 0.000854502
sigma1 = 0.990555
sigma1Error = 0.0182656
sigma2 = 2.49999
sigma2Error = 0.220901
beta = 0.933678
betaError = 0.0172057
tau = 1.67737
tauError = 0.049876
Nprompt = 14590
NpromptError = 241.371
Nfromb = 3060.67
NfrombError = 98.4294
Ntail = 75.8045
NtailError = 18.2963
Nbkg = 166643
NbkgError = 465.093
