bias = -0.00099091
biasError = 0.000604059
sigma1 = 0.959344
sigma1Error = 0.0299339
sigma2 = 2.59675
sigma2Error = 0.57246
beta = 0.918445
betaError = 0.0328418
tau = 1.393
tauError = 0.0407413
Nprompt = 3048.82
NpromptError = 64.0725
Nfromb = 1608.35
NfrombError = 47.3293
Ntail = 4.54735
NtailError = 3.77722
Nbkg = 2048.98
NbkgError = 59.2034
