bias = -0.00101513
biasError = 0.00177377
sigma1 = 0.760511
sigma1Error = 0.0613974
sigma2 = 1.70928
sigma2Error = 0.173872
beta = 0.608308
betaError = 0.0899737
tau = 1.59526
tauError = 0.0744538
Nprompt = 3484.94
NpromptError = 116.367
Nfromb = 933.64
NfrombError = 47.7244
Ntail = 2.3315
NtailError = 3.95848
Nbkg = 26476.6
NbkgError = 193.962
