bias = -0.00309149
biasError = 0.000484062
sigma1 = 3.04805
sigma1Error = 0.492786
sigma2 = 0.934298
sigma2Error = 0.0207511
beta = 0.0831764
betaError = 0.0193337
tau = 1.46089
tauError = 0.0352121
Nprompt = 4520.1
NpromptError = 79.3132
Nfromb = 2325.94
NfrombError = 57.6553
Ntail = 3.37892
NtailError = 3.08264
Nbkg = 3522.6
NbkgError = 76.9154
