bias = -0.00225712
biasError = 0.000680961
sigma1 = 3.0544
sigma1Error = 0.518369
sigma2 = 0.92334
sigma2Error = 0.0229239
beta = 0.0942401
betaError = 0.0215034
tau = 1.57375
tauError = 0.054315
Nprompt = 4334.33
NpromptError = 81.2484
Nfromb = 1308.05
NfrombError = 47.0855
Ntail = 6.38232
NtailError = 4.65136
Nbkg = 3560.24
NbkgError = 79.9219
