bias = -0.00193912
biasError = 0.00075621
sigma1 = 2.57396
sigma1Error = 0.505923
sigma2 = 1.03445
sigma2Error = 0.0451869
beta = 0.144297
betaError = 0.0539174
tau = 1.50523
tauError = 0.0464211
Nprompt = 2852.76
NpromptError = 64.7965
Nfromb = 1480.59
NfrombError = 46.0668
Ntail = 1.02e-07
NtailError = 1.59902
Nbkg = 2756.66
NbkgError = 66.3628
