bias = -0.00704828
biasError = 0.000782246
sigma1 = 2.35183
sigma1Error = 0.237394
sigma2 = 0.878085
sigma2Error = 0.029575
beta = 0.196422
betaError = 0.0365562
tau = 1.4799
tauError = 0.0440452
Nprompt = 5982.64
NpromptError = 124.261
Nfromb = 1991.83
NfrombError = 59.1527
Ntail = 12.362
NtailError = 6.76441
Nbkg = 27507.2
NbkgError = 194.543
