bias = -0.00475984
biasError = 0.000769788
sigma1 = 2.60719
sigma1Error = 0.370409
sigma2 = 0.943278
sigma2Error = 0.0309718
beta = 0.129866
betaError = 0.0337146
tau = 1.54461
tauError = 0.0582067
Nprompt = 3232.14
NpromptError = 74.119
Nfromb = 1145.56
NfrombError = 41.7207
Ntail = 9.84032
NtailError = 5.68786
Nbkg = 5322.1
NbkgError = 89.3689
