bias = 0.000849588
biasError = 0.000566216
sigma1 = 1.71152
sigma1Error = 0.125159
sigma2 = 0.855199
sigma2Error = 0.0215496
beta = 0.211821
betaError = 0.0423184
tau = 1.47052
tauError = 0.044625
Nprompt = 16282.5
NpromptError = 175.595
Nfromb = 2843.43
NfrombError = 79.9748
Ntail = 172.722
NtailError = 22.798
Nbkg = 35172
NbkgError = 229.287
