bias = -0.00363725
biasError = 0.000511874
sigma1 = 1.49922
sigma1Error = 0.162371
sigma2 = 0.868106
sigma2Error = 0.049927
beta = 0.297972
betaError = 0.115721
tau = 1.45645
tauError = 0.0383337
Nprompt = 6368.23
NpromptError = 95.6534
Nfromb = 2156.06
NfrombError = 56.1358
Ntail = 11.0558
NtailError = 6.15543
Nbkg = 7020.24
NbkgError = 102.933
