bias = -0.00189738
biasError = 0.00133786
sigma1 = 2.76967
sigma1Error = 0.540587
sigma2 = 0.930882
sigma2Error = 0.0418134
beta = 0.128365
betaError = 0.0414257
tau = 1.46375
tauError = 0.118963
Nprompt = 1341.38
NpromptError = 47.7536
Nfromb = 334.005
NfrombError = 25.433
Ntail = 6.81471
NtailError = 5.77166
Nbkg = 1599.95
NbkgError = 52.4593
