bias = -0.00737692
biasError = 0.000755176
sigma1 = 1.5097
sigma1Error = 0.080279
sigma2 = 0.715704
sigma2Error = 0.0270765
beta = 0.345312
betaError = 0.0482231
tau = 1.60829
tauError = 0.0636769
Nprompt = 12149.1
NpromptError = 165.001
Nfromb = 1685.06
NfrombError = 67.4878
Ntail = 64.3536
NtailError = 15.3607
Nbkg = 58372.6
NbkgError = 275.333
