bias = -0.00121407
biasError = 0.000959706
sigma1 = 0.939177
sigma1Error = 0.0364886
sigma2 = 2.15669
sigma2Error = 0.549076
beta = 0.922605
betaError = 0.0487834
tau = 1.41513
tauError = 0.0671813
Nprompt = 1540.89
NpromptError = 48.3813
Nfromb = 641.702
NfrombError = 31.4192
Ntail = 3.88177e-06
NtailError = 1.60098
Nbkg = 1250.43
NbkgError = 48.5601
