bias = -0.0169836
biasError = 0.00242751
sigma1 = 1.49941
sigma1Error = 0.18804
sigma2 = 0.749574
sigma2Error = 0.10511
beta = 0.485255
betaError = 0.161243
tau = 1.76449
tauError = 0.0872441
Nprompt = 3192.78
NpromptError = 152.524
Nfromb = 1067.62
NfrombError = 58.3722
Ntail = 12.7642
NtailError = 7.89726
Nbkg = 81778.8
NbkgError = 322.556
