bias = -0.0145163
biasError = 0.00156015
sigma1 = 0.728088
sigma1Error = 0.0721387
sigma2 = 1.48073
sigma2Error = 0.1155
beta = 0.466374
betaError = 0.105171
tau = 1.55926
tauError = 0.0667689
Nprompt = 5769.59
NpromptError = 171.451
Nfromb = 1560.56
NfrombError = 71.1602
Ntail = 35.5222
NtailError = 10.8677
Nbkg = 103947
NbkgError = 361.428
