bias = -0.00287543
biasError = 0.000811344
sigma1 = 0.971089
sigma1Error = 0.0203122
sigma2 = 4.22236
sigma2Error = 0.849238
beta = 0.958788
betaError = 0.013378
tau = 1.527
tauError = 0.0595554
Nprompt = 3308.97
NpromptError = 71.9572
Nfromb = 1012.09
NfrombError = 41.6291
Ntail = 6.268e-09
NtailError = 1.21043
Nbkg = 3232.9
NbkgError = 74.045
