bias = -0.000921341
biasError = 0.000948375
sigma1 = 3.51526
sigma1Error = 0.457239
sigma2 = 0.89417
sigma2Error = 0.0248995
beta = 0.0942736
betaError = 0.0199656
tau = 1.53403
tauError = 0.073395
Nprompt = 2183.43
NpromptError = 60.1665
Nfromb = 670.47
NfrombError = 34.2192
Ntail = 6.06087e-07
NtailError = 1.18374
Nbkg = 2343.04
NbkgError = 63.6154
