bias = -0.00131369
biasError = 0.00173226
sigma1 = 2.02497
sigma1Error = 0.16149
sigma2 = 0.768051
sigma2Error = 0.0376148
beta = 0.284891
betaError = 0.0490818
tau = 1.62401
tauError = 0.0818647
Nprompt = 5119.24
NpromptError = 159.667
Nfromb = 1192.61
NfrombError = 67.2436
Ntail = 52.9106
NtailError = 13.8818
Nbkg = 62764.4
NbkgError = 293.666
