bias = -0.000955078
biasError = 0.000695592
sigma1 = 4.09703
sigma1Error = 0.667512
sigma2 = 0.974609
sigma2Error = 0.0208642
beta = 0.0529891
betaError = 0.0130561
tau = 1.40126
tauError = 0.0496992
Nprompt = 3018.84
NpromptError = 66.7255
Nfromb = 1190.42
NfrombError = 43.4385
Ntail = 2.66069
NtailError = 2.6519
Nbkg = 2113.12
NbkgError = 63.5787
