bias = -0.00411833
biasError = 0.000683199
sigma1 = 1.31741
sigma1Error = 0.163542
sigma2 = 0.818172
sigma2Error = 0.0698005
beta = 0.362112
betaError = 0.184241
tau = 1.43929
tauError = 0.0421814
Nprompt = 6818.92
NpromptError = 104.292
Nfromb = 1907.48
NfrombError = 54.4324
Ntail = 16.1228
NtailError = 6.86397
Nbkg = 11276.6
NbkgError = 126.475
