bias = -0.0065738
biasError = 0.000576363
sigma1 = 1.18189
sigma1Error = 0.0950186
sigma2 = 0.770926
sigma2Error = 0.0935991
beta = 0.579675
betaError = 0.204635
tau = 1.52938
tauError = 0.0306288
Nprompt = 17490.9
NpromptError = 224.594
Nfromb = 4727.66
NfrombError = 99.7366
Ntail = 28.7114
NtailError = 10.4367
Nbkg = 116373
NbkgError = 392.371
