bias = -0.00506675
biasError = 0.000590912
sigma1 = 1.3765
sigma1Error = 0.126437
sigma2 = 0.786089
sigma2Error = 0.0483909
beta = 0.393903
betaError = 0.118337
tau = 1.45996
tauError = 0.0535847
Nprompt = 20169.4
NpromptError = 221.047
Nfromb = 2753
NfrombError = 93.611
Ntail = 305.977
NtailError = 29.3649
Nbkg = 103622
NbkgError = 370.361
