bias = -0.00794117
biasError = 0.000995186
sigma1 = 0.521921
sigma1Error = 0.140286
sigma2 = 1.1258
sigma2Error = 0.048846
beta = 0.1422
betaError = 0.0833977
tau = 1.48953
tauError = 0.0394548
Nprompt = 7446.61
NpromptError = 157.373
Nfromb = 2510.07
NfrombError = 71.1228
Ntail = 4.49993
NtailError = 4.01014
Nbkg = 68981.9
NbkgError = 297.348
