bias = -0.00174433
biasError = 0.000614417
sigma1 = 2.11613
sigma1Error = 0.35449
sigma2 = 0.974919
sigma2Error = 0.0512443
beta = 0.193467
betaError = 0.0777667
tau = 1.53427
tauError = 0.0384843
Nprompt = 4114.36
NpromptError = 76.5462
Nfromb = 2204.16
NfrombError = 55.8638
Ntail = 1.52297e-06
NtailError = 1.25638
Nbkg = 3754.57
NbkgError = 77.4783
