bias = -0.00489206
biasError = 0.000986159
sigma1 = 5.18899
sigma1Error = 1.25292
sigma2 = 0.951527
sigma2Error = 0.030199
beta = 0.0899174
betaError = 0.0211884
tau = 1.4787
tauError = 0.0652875
Nprompt = 2012.77
NpromptError = 61.8601
Nfromb = 797.786
NfrombError = 36.6168
Ntail = 1.93161e-06
NtailError = 3.75813
Nbkg = 3909.47
NbkgError = 76.0535
