bias = 0.00138988
biasError = 0.000609391
sigma1 = 0.875768
sigma1Error = 0.0268423
sigma2 = 1.69238
sigma2Error = 0.175501
beta = 0.814099
betaError = 0.0569056
tau = 1.46414
tauError = 0.0560488
Nprompt = 21103.4
NpromptError = 213.328
Nfromb = 2468.99
NfrombError = 93.8374
Ntail = 629.628
NtailError = 37.9672
Nbkg = 68733.9
NbkgError = 314.085
