bias = -9.65155e-05
biasError = 0.000740602
sigma1 = 1.69964
sigma1Error = 0.271183
sigma2 = 0.924726
sigma2Error = 0.0588686
beta = 0.239557
betaError = 0.119732
tau = 1.40993
tauError = 0.0416592
Nprompt = 2820.83
NpromptError = 61.2886
Nfromb = 1592.57
NfrombError = 46.9261
Ntail = 3.99209
NtailError = 3.40115
Nbkg = 2173.58
NbkgError = 59.3453
