bias = -0.0089985
biasError = 0.00118152
sigma1 = 0.602098
sigma1Error = 0.138477
sigma2 = 1.15764
sigma2Error = 0.0620116
beta = 0.17986
betaError = 0.111279
tau = 1.58831
tauError = 0.0436315
Nprompt = 7050.84
NpromptError = 177.117
Nfromb = 2412.49
NfrombError = 72.4407
Ntail = 2.2606e-06
NtailError = 2.95097
Nbkg = 91926.6
NbkgError = 344.69
