bias = -0.0195886
biasError = 0.00422533
sigma1 = 1.9624
sigma1Error = 0.202533
sigma2 = 0.788977
sigma2Error = 0.15939
beta = 0.610048
betaError = 0.128171
tau = 1.55927
tauError = 0.106956
Nprompt = 2179.57
NpromptError = 140.826
Nfromb = 642.57
NfrombError = 50.8942
Ntail = 12.5239
NtailError = 7.12796
Nbkg = 61439.8
NbkgError = 284.083
