bias = -0.00715316
biasError = 0.00142381
sigma1 = 2.96634
sigma1Error = 0.430481
sigma2 = 0.89283
sigma2Error = 0.0467225
beta = 0.208085
betaError = 0.0437772
tau = 1.75168
tauError = 0.0756195
Nprompt = 2572.48
NpromptError = 87.6739
Nfromb = 926.347
NfrombError = 39.4027
Ntail = 7.62578
NtailError = 4.87983
Nbkg = 15630.5
NbkgError = 144.983
