bias = -0.0139549
biasError = 0.00247137
sigma1 = 1.65023
sigma1Error = 0.30961
sigma2 = 0.87043
sigma2Error = 0.20114
beta = 0.499766
betaError = 0.269733
tau = 1.51936
tauError = 0.0662518
Nprompt = 2441.77
NpromptError = 115.373
Nfromb = 990.613
NfrombError = 47.2381
Ntail = 7.0456
NtailError = 4.4779
Nbkg = 43601.1
NbkgError = 235.267
