bias = -0.0113436
biasError = 0.00200285
sigma1 = 0.680297
sigma1Error = 0.112759
sigma2 = 1.40301
sigma2Error = 0.11738
beta = 0.356679
betaError = 0.131186
tau = 1.73652
tauError = 0.0761924
Nprompt = 4939.05
NpromptError = 180.534
Nfromb = 1408.98
NfrombError = 69.1628
Ntail = 5.26291
NtailError = 10.4924
Nbkg = 122278
NbkgError = 391.347
