75240.6
NsigError = 289.781
Nbkg = 2618.66
NbkgError = 106.576
mean = 3097.11
meanError = 0.0474176
sigma1 = 19.7092
sigma1Error = 1.02816
attenuation constant p0 = -0.00134592
p0Error = 0.000381401
