144327
NsigError = 399.223
Nbkg = 6042.64
NbkgError = 145.251
mean = 3097.2
meanError = 0.0322663
sigma1 = 17.2025
sigma1Error = 0.554269
attenuation constant p0 = -0.00162522
p0Error = 0.000238605
