32729.2
NsigError = 189.129
Nbkg = 1084.14
NbkgError = 64.2621
mean = 3096.17
meanError = 0.0818226
sigma1 = 17.0526
sigma1Error = 0.943495
attenuation constant p0 = -0.00059723
p0Error = 0.000619725
