508578
NsigError = 750.639
Nbkg = 24299.2
NbkgError = 281.233
mean = 3096.26
meanError = 0.01998
sigma1 = 16.5881
sigma1Error = 0.308195
attenuation constant p0 = -0.00118082
p0Error = 0.0001188
