798070
NsigError = 996.366
Nbkg = 190623
NbkgError = 620.749
mean = 3096.46
meanError = 0.0161499
sigma1 = 15.4348
sigma1Error = 0.201588
attenuation constant p0 = -0.000418289
p0Error = 3.58077e-05
