257661
NsigError = 542.105
Nbkg = 12291.2
NbkgError = 220.122
mean = 3095.91
meanError = 0.0326672
sigma1 = 19.6363
sigma1Error = 0.495159
attenuation constant p0 = -0.00043174
p0Error = 0.00017333
